0 0.046456 0.453005 0.085249 0.097268
0 0.172414 0.561202 0.103448 0.099454
0 0.247605 0.462842 0.098659 0.099454
0 0.308908 0.371585 0.077586 0.065574
0 0.317529 0.331694 0.060345 0.046995
0 0.377874 0.298907 0.094828 0.079781
0 0.390326 0.240437 0.043103 0.039344
0 0.431034 0.256284 0.051724 0.038251
0 0.463123 0.221858 0.035441 0.037158
0 0.465517 0.198907 0.034483 0.034973
0 0.434387 0.186339 0.041188 0.036066
0 0.423372 0.226230 0.074713 0.059016
0 0.525383 0.139344 0.048851 0.036066
0 0.484674 0.163934 0.093870 0.065574
0 0.568008 0.085792 0.036398 0.033880
0 0.533046 0.109836 0.083333 0.055738
0 0.575192 0.056284 0.081418 0.057923
0 0.754310 0.131694 0.071839 0.066667
0 0.661398 0.289071 0.052682 0.044809
0 0.611590 0.354098 0.071839 0.065574
0 0.565134 0.392896 0.067050 0.055738
0 0.552203 0.450820 0.081418 0.081967
0 0.507663 0.497268 0.061303 0.054645
0 0.469828 0.546448 0.117816 0.107104
0 0.461207 0.620219 0.054598 0.057923
0 0.443966 0.674317 0.031609 0.034973
0 0.395115 0.658470 0.117816 0.108197
0 0.348180 0.761202 0.098659 0.090710
0 0.295977 0.843169 0.103448 0.097268