0 0.685824 0.078689 0.047893 0.045902
0 0.602490 0.100000 0.038314 0.036066
0 0.312261 0.195628 0.042146 0.034973
0 0.290230 0.222404 0.045977 0.036066
0 0.268678 0.248634 0.037356 0.022951
0 0.349138 0.303279 0.031609 0.029508
0 0.411398 0.339891 0.058429 0.043716
0 0.478448 0.389617 0.043103 0.036066
0 0.344828 0.499454 0.034483 0.032787
0 0.293582 0.598907 0.039272 0.028415
0 0.217433 0.609836 0.030651 0.032787
0 0.161398 0.745355 0.029693 0.032787
0 0.171456 0.767213 0.032567 0.039344
0 0.177203 0.805464 0.032567 0.041530
0 0.127874 0.869399 0.031609 0.038251
0 0.088123 0.917486 0.038314 0.042623
0 0.045977 0.958470 0.040230 0.045902
0 0.362548 0.950273 0.046935 0.049180
0 0.394157 0.921858 0.041188 0.038251
0 0.402778 0.885792 0.039272 0.044809
0 0.425766 0.845355 0.039272 0.049180
0 0.485632 0.887432 0.051724 0.056831
0 0.559387 0.975410 0.032567 0.042623
0 0.581897 0.938251 0.043103 0.060109
0 0.608238 0.890710 0.036398 0.043716
0 0.624521 0.848634 0.040230 0.049180
0 0.639847 0.773224 0.032567 0.049180
0 0.677203 0.761202 0.038314 0.044809
0 0.692050 0.704372 0.043103 0.042623
0 0.727011 0.670492 0.051724 0.068852
0 0.751916 0.608743 0.047893 0.043716
0 0.773467 0.575410 0.045019 0.042623
0 0.649904 0.561202 0.035441 0.038251
0 0.671456 0.522404 0.042146 0.039344
0 0.686782 0.496175 0.034483 0.026230
0 0.839559 0.307650 0.029693 0.029508
0 0.850575 0.295628 0.028736 0.027322
0 0.848180 0.278689 0.023946 0.026230
0 0.859674 0.269399 0.029693 0.025137
0 0.375958 0.238251 0.043103 0.030601
0 0.410920 0.981421 0.045977 0.032787
0 0.016284 0.991257 0.030651 0.019672