0 0.224617 0.162295 0.062261 0.062295
0 0.210249 0.250820 0.064176 0.055738
0 0.139847 0.584699 0.072797 0.078689
0 0.170977 0.688525 0.100575 0.098361
0 0.209770 0.789617 0.097701 0.101639
0 0.254310 0.905464 0.100575 0.112568
0 0.392720 0.753005 0.101533 0.120219
0 0.338602 0.648087 0.094828 0.100546
0 0.306992 0.549727 0.106322 0.096175
0 0.340996 0.264481 0.076628 0.087432
0 0.420019 0.329508 0.075670 0.062295
0 0.505747 0.475410 0.074713 0.072131
0 0.555077 0.556284 0.090996 0.087432
0 0.616858 0.635519 0.055556 0.062295
0 0.465038 0.119126 0.071839 0.072131
0 0.493295 0.169399 0.076628 0.067760
0 0.534962 0.221858 0.075670 0.067760
0 0.575670 0.284153 0.080460 0.069945
0 0.757663 0.118033 0.047893 0.052459
0 0.808429 0.119126 0.045977 0.045902
0 0.979885 0.101093 0.040230 0.042623
0 0.758621 0.961202 0.063218 0.071038