0 0.130376 0.764036 0.040323 0.065250
0 0.258513 0.475721 0.027778 0.047041
0 0.278674 0.443096 0.023297 0.039454
0 0.296595 0.410470 0.023297 0.034901
0 0.317652 0.374052 0.025986 0.044006
0 0.335125 0.261760 0.026882 0.053111
0 0.367384 0.261760 0.030466 0.053111
0 0.396505 0.226859 0.025986 0.047041
0 0.413978 0.188164 0.025090 0.048558
0 0.435932 0.153263 0.025986 0.048558
0 0.389337 0.050835 0.033154 0.068285
0 0.409946 0.025038 0.020609 0.044006
0 0.219982 0.768589 0.036738 0.056146
0 0.243728 0.724583 0.032258 0.059181
0 0.266129 0.685888 0.037634 0.057663
0 0.291667 0.644917 0.036738 0.054628
0 0.297043 0.695751 0.033154 0.053111
0 0.320341 0.604704 0.033154 0.059181
0 0.348118 0.600152 0.036738 0.056146
0 0.345430 0.549317 0.033154 0.057663
0 0.374104 0.550835 0.029570 0.054628
0 0.373208 0.494689 0.031362 0.057663
0 0.397849 0.499241 0.032258 0.060698
0 0.410842 0.424127 0.029570 0.056146
0 0.511201 0.290592 0.054659 0.092564
0 0.536290 0.223065 0.034946 0.054628
0 0.558692 0.182853 0.034946 0.056146
0 0.577061 0.136571 0.028674 0.048558
0 0.618728 0.067527 0.031362 0.056146
0 0.650986 0.034143 0.042115 0.068285
0 0.679659 0.190440 0.027778 0.053111
0 0.652330 0.254932 0.037634 0.063733
0 0.435036 0.628983 0.031362 0.056146
0 0.409050 0.698027 0.045699 0.072838
0 0.379032 0.753414 0.041219 0.074355
0 0.348566 0.803490 0.039427 0.068285
0 0.315412 0.857360 0.044803 0.075873
0 0.762993 0.355083 0.033154 0.051593
0 0.658602 0.545524 0.032258 0.050076