0 0.772510 0.051366 0.054598 0.056831
0 0.712644 0.110383 0.063218 0.054645
0 0.540230 0.196721 0.051724 0.059016
0 0.511973 0.139344 0.068008 0.049180
0 0.471264 0.059563 0.057471 0.046995
0 0.435345 0.202186 0.054598 0.043716
0 0.289751 0.115301 0.054598 0.053552
0 0.268199 0.184153 0.068966 0.053552
0 0.095307 0.198907 0.062261 0.061202
0 0.309387 0.260656 0.105364 0.081967
0 0.145594 0.373224 0.065134 0.055738
0 0.098180 0.565574 0.075670 0.075410
0 0.251437 0.574317 0.106322 0.112568
0 0.352011 0.530055 0.066092 0.074317
0 0.465038 0.485246 0.066092 0.072131
0 0.679598 0.383060 0.094828 0.101639
0 0.455460 0.798907 0.112069 0.135519
0 0.699234 0.684699 0.114943 0.160656
0 0.833333 0.603279 0.097701 0.131148
0 0.935824 0.551913 0.105364 0.118033