0 0.167146 0.037158 0.035441 0.032787
0 0.049330 0.095082 0.033525 0.032787
0 0.080939 0.118579 0.041188 0.027322
0 0.152778 0.159563 0.041188 0.034973
0 0.049808 0.195628 0.057471 0.041530
0 0.101054 0.270492 0.041188 0.036066
0 0.195881 0.225683 0.039272 0.036066
0 0.278257 0.213661 0.048851 0.033880
0 0.236111 0.304372 0.035441 0.036066
0 0.289751 0.293989 0.048851 0.037158
0 0.225096 0.521858 0.045977 0.046995
0 0.265805 0.504918 0.054598 0.045902
0 0.218870 0.727869 0.050766 0.045902
0 0.269157 0.703279 0.061303 0.049180
0 0.742337 0.093989 0.034483 0.028415