0 0.407088 0.032787 0.072797 0.052459
0 0.404215 0.099454 0.082375 0.059016
0 0.400383 0.166120 0.080460 0.069945
0 0.716475 0.023497 0.051724 0.044809
0 0.793582 0.018579 0.068008 0.034973
0 0.749521 0.130055 0.066092 0.056831
0 0.815134 0.127322 0.065134 0.055738
0 0.785920 0.287978 0.083333 0.081967
0 0.859674 0.283060 0.079502 0.091803
0 0.072318 0.706011 0.092912 0.137705
0 0.186782 0.685792 0.086207 0.106011
0 0.312261 0.680874 0.090038 0.113661
0 0.660920 0.669945 0.091954 0.137705
0 0.779215 0.668852 0.085249 0.111475