0 0.477490 0.279781 0.068008 0.052459
0 0.549330 0.214754 0.056513 0.042623
0 0.583333 0.199454 0.051724 0.042623
0 0.588602 0.168306 0.054598 0.039344
0 0.633621 0.190164 0.054598 0.045902
0 0.666188 0.144809 0.071839 0.051366
0 0.723180 0.133333 0.053640 0.056831
0 0.689655 0.207104 0.063218 0.066667
0 0.721264 0.280874 0.074713 0.063388
0 0.641762 0.406011 0.068966 0.081967
0 0.612548 0.488525 0.073755 0.065574
0 0.339559 0.480874 0.056513 0.067760
0 0.398467 0.498361 0.059387 0.065574
0 0.455460 0.518033 0.060345 0.065574
0 0.513410 0.537705 0.061303 0.065574
0 0.677203 0.706011 0.059387 0.072131
0 0.728448 0.667213 0.054598 0.068852
0 0.771552 0.602186 0.054598 0.067760
0 0.809387 0.548087 0.055556 0.064481
0 0.877395 0.444262 0.063218 0.068852
0 0.855364 0.371038 0.061303 0.066667
0 0.863027 0.289071 0.063218 0.066667
0 0.830939 0.233333 0.062261 0.064481
0 0.802682 0.178689 0.057471 0.062295