0 0.255268 0.883607 0.037356 0.042623
0 0.282088 0.918579 0.033525 0.046995
0 0.300766 0.953005 0.038314 0.048087
0 0.405172 0.627869 0.051724 0.055738
0 0.568966 0.450273 0.040230 0.032787
0 0.587165 0.390710 0.091954 0.084153
0 0.739943 0.377596 0.043103 0.038251
0 0.742337 0.343716 0.034483 0.036066
0 0.670019 0.331694 0.039272 0.027322
0 0.687739 0.303825 0.034483 0.034973
0 0.649904 0.283060 0.039272 0.032787
0 0.668582 0.267213 0.032567 0.022951
0 0.674330 0.247541 0.030651 0.022951
0 0.684387 0.225137 0.035441 0.028415
0 0.734674 0.244809 0.036398 0.030601
0 0.797893 0.289617 0.024904 0.032787
0 0.809866 0.268852 0.031609 0.032787
0 0.826149 0.247541 0.031609 0.029508
0 0.838123 0.222404 0.032567 0.029508
0 0.844828 0.181967 0.034483 0.029508
0 0.869732 0.173224 0.030651 0.022951
0 0.875479 0.144262 0.032567 0.026230
0 0.904215 0.121858 0.038314 0.040437
0 0.916667 0.090164 0.034483 0.029508
0 0.932950 0.071038 0.038314 0.028415
0 0.837165 0.062842 0.034483 0.025137
0 0.848180 0.041530 0.035441 0.028415
0 0.861111 0.023497 0.032567 0.025137
0 0.598180 0.025137 0.027778 0.024044
0 0.563697 0.085246 0.033525 0.026230
0 0.478927 0.167760 0.026820 0.027322
0 0.489943 0.181421 0.025862 0.026230
0 0.497126 0.205464 0.028736 0.030601
0 0.465996 0.239891 0.023946 0.027322
0 0.443008 0.268852 0.027778 0.026230
0 0.417146 0.288525 0.029693 0.026230
0 0.397989 0.310929 0.031609 0.029508
0 0.323755 0.345902 0.030651 0.029508