0 0.638993 0.033333 0.072761 0.060109
0 0.628265 0.080328 0.047575 0.036066
0 0.884328 0.160656 0.106343 0.085246
0 0.798507 0.255738 0.115672 0.098361
0 0.737873 0.274317 0.069030 0.061202
0 0.596082 0.316940 0.089552 0.069945
0 0.650187 0.339891 0.067164 0.056831
0 0.698694 0.341530 0.069030 0.060109
0 0.741138 0.392350 0.069963 0.074317
0 0.705690 0.420219 0.079291 0.071038
0 0.634795 0.384699 0.092351 0.091803
0 0.576959 0.365574 0.066231 0.062295
0 0.653451 0.457377 0.081157 0.088525
0 0.562966 0.436066 0.056903 0.059016
0 0.508862 0.404372 0.064366 0.059016
0 0.508862 0.477049 0.084888 0.081967
0 0.447295 0.449727 0.062500 0.057923
0 0.419310 0.507104 0.058769 0.069945
0 0.468750 0.512568 0.060634 0.072131
0 0.475280 0.362295 0.112873 0.108197
0 0.579757 0.517486 0.094216 0.121311
0 0.330224 0.481421 0.054104 0.068852
0 0.223881 0.577596 0.048507 0.073224
0 0.333022 0.570492 0.085821 0.085246
0 0.399254 0.561202 0.072761 0.090710
0 0.431437 0.642077 0.036381 0.062295
0 0.477612 0.587978 0.102612 0.111475
0 0.396922 0.638798 0.075560 0.088525
0 0.324627 0.637158 0.074627 0.098361
0 0.382463 0.698907 0.072761 0.084153
0 0.312034 0.748634 0.090485 0.118033
0 0.222015 0.825683 0.095149 0.127869