0 0.810345 0.040984 0.084291 0.066667
0 0.895594 0.074317 0.088123 0.067760
0 0.959770 0.084699 0.045977 0.062295
0 0.614464 0.167760 0.052682 0.055738
0 0.678640 0.194536 0.073755 0.069945
0 0.788793 0.219672 0.071839 0.078689
0 0.857280 0.245902 0.072797 0.069945
0 0.550287 0.151913 0.041188 0.030601
0 0.526341 0.171038 0.029693 0.025137
0 0.549808 0.176503 0.030651 0.031694
0 0.329023 0.095628 0.023946 0.020765
0 0.343870 0.089617 0.022989 0.024044
0 0.227490 0.056831 0.025862 0.019672
0 0.244732 0.063934 0.022031 0.022951
0 0.261494 0.069945 0.024904 0.024044
0 0.168103 0.125683 0.037356 0.034973
0 0.193487 0.127322 0.015326 0.016393
0 0.211207 0.161202 0.023946 0.022951
0 0.091475 0.097268 0.022031 0.017486
0 0.024425 0.268852 0.045019 0.050273
0 0.058429 0.265027 0.059387 0.060109
0 0.122126 0.255738 0.035441 0.026230
0 0.132663 0.280874 0.035441 0.026230
0 0.131226 0.299454 0.032567 0.021858
0 0.149904 0.740984 0.066092 0.085246
0 0.591954 0.730055 0.099617 0.135519
0 0.852969 0.712568 0.108238 0.135519
0 0.616379 0.410383 0.073755 0.073224
0 0.671935 0.400546 0.073755 0.077596
0 0.690134 0.343169 0.050766 0.054645
0 0.721264 0.444262 0.074713 0.084153
0 0.669540 0.459016 0.072797 0.074317
0 0.396552 0.114208 0.021073 0.016393
0 0.397031 0.123497 0.020115 0.015301
0 0.391284 0.137158 0.022031 0.020765
0 0.380747 0.149180 0.014368 0.018579
0 0.364943 0.174317 0.021073 0.018579
0 0.351533 0.179781 0.022989 0.016393
0 0.484195 0.128415 0.023946 0.018579
0 0.484195 0.137705 0.023946 0.015301
0 0.482280 0.148634 0.022031 0.017486
0 0.469828 0.169945 0.029693 0.029508
0 0.183908 0.155738 0.022989 0.033880
0 0.807471 0.356831 0.028736 0.020765
0 0.835728 0.362842 0.031609 0.021858