0 0.543103 0.033880 0.015326 0.019672
0 0.652299 0.067760 0.059387 0.059016
0 0.736111 0.071038 0.029693 0.026230
0 0.766284 0.079235 0.022989 0.025137
0 0.801724 0.079781 0.019157 0.019672
0 0.836207 0.086339 0.017241 0.015301
0 0.866858 0.090164 0.019157 0.016393
0 0.896552 0.091257 0.021073 0.016393
0 0.925766 0.096175 0.023946 0.019672
0 0.955460 0.097814 0.022031 0.018579
0 0.898946 0.261749 0.027778 0.027322
0 0.955939 0.286339 0.042146 0.039344
0 0.986590 0.340984 0.024904 0.026230
0 0.985153 0.404372 0.023946 0.024044
0 0.984674 0.589071 0.015326 0.024044
0 0.995211 0.589071 0.009579 0.019672
0 0.334291 0.169945 0.044061 0.036066
0 0.384579 0.275956 0.031609 0.040437
0 0.444923 0.320219 0.045019 0.039344
0 0.328065 0.385246 0.043103 0.044809
0 0.349617 0.562295 0.084291 0.077596
0 0.313697 0.658470 0.102490 0.090710
0 0.131705 0.850820 0.081418 0.090710