0 0.587165 0.040437 0.024904 0.024044
0 0.745690 0.119672 0.039272 0.036066
0 0.627395 0.320219 0.036398 0.037158
0 0.431513 0.290164 0.046935 0.051366
0 0.573276 0.408197 0.029693 0.031694
0 0.682471 0.385792 0.023946 0.021858
0 0.518678 0.506011 0.022031 0.030601
0 0.246169 0.433333 0.061303 0.068852
0 0.258621 0.475410 0.059387 0.067760
0 0.303161 0.486885 0.071839 0.088525
0 0.247126 0.763388 0.049808 0.062295
0 0.277778 0.855191 0.038314 0.053552
0 0.323276 0.830601 0.060345 0.085246
0 0.340996 0.906557 0.024904 0.036066
0 0.395115 0.814208 0.023946 0.039344