0 0.388410 0.244262 0.054598 0.049180
0 0.453544 0.453005 0.041188 0.040437
0 0.473659 0.514754 0.048851 0.041530
0 0.492816 0.580874 0.046935 0.042623
0 0.586686 0.801639 0.062261 0.053552
0 0.612548 0.874863 0.054598 0.057923
0 0.629310 0.936066 0.047893 0.057923
0 0.656609 0.980874 0.056513 0.036066
0 0.527778 0.126776 0.038314 0.026230
0 0.553640 0.175410 0.036398 0.031694
0 0.519636 0.235519 0.056513 0.051366
0 0.572797 0.214208 0.053640 0.052459
0 0.584291 0.242623 0.036398 0.028415
0 0.548851 0.280328 0.072797 0.057923
0 0.608238 0.293443 0.061303 0.055738
0 0.645594 0.371585 0.042146 0.039344
0 0.658525 0.403279 0.045019 0.043716
0 0.686782 0.420219 0.026820 0.025137
0 0.689655 0.475410 0.045977 0.045902
0 0.654693 0.565027 0.050766 0.056831
0 0.699234 0.548634 0.067050 0.065574
0 0.898946 0.704372 0.039272 0.044809
0 0.919061 0.971038 0.054598 0.055738