0 0.176245 0.902732 0.053640 0.076503
0 0.224617 0.850273 0.037356 0.045902
0 0.260057 0.820219 0.039272 0.044809
0 0.292146 0.795628 0.044061 0.061202
0 0.597701 0.690164 0.032567 0.036066
0 0.642720 0.197814 0.044061 0.045902
0 0.912356 0.115301 0.035441 0.033880
0 0.603927 0.292350 0.020115 0.020765
0 0.636015 0.322404 0.019157 0.021858
0 0.678161 0.356284 0.019157 0.019672
0 0.717433 0.381421 0.030651 0.037158
0 0.750000 0.418033 0.019157 0.022951
0 0.549808 0.351913 0.019157 0.019672
0 0.617337 0.423497 0.031609 0.031694