0 0.461686 0.121858 0.055556 0.040437
0 0.516284 0.120765 0.055556 0.042623
0 0.235153 0.300000 0.077586 0.055738
0 0.329981 0.289071 0.077586 0.057923
0 0.418582 0.269945 0.076628 0.059016
0 0.505747 0.261202 0.057471 0.061202
0 0.590517 0.254645 0.060345 0.067760
0 0.678640 0.254645 0.068008 0.054645
0 0.758621 0.236612 0.057471 0.064481
0 0.288314 0.461202 0.080460 0.069945
0 0.385536 0.453552 0.081418 0.072131
0 0.497605 0.430055 0.062261 0.079781
0 0.667146 0.407104 0.058429 0.046995
0 0.762452 0.384153 0.057471 0.046995
0 0.849617 0.366667 0.059387 0.049180
0 0.977490 0.316940 0.041188 0.063388
0 0.829502 0.538798 0.042146 0.039344
0 0.923851 0.477596 0.043103 0.037158
0 0.266762 0.725137 0.083333 0.079781
0 0.322797 0.708743 0.063218 0.060109