0 0.048372 0.259563 0.023946 0.027322
0 0.068008 0.269945 0.026820 0.026230
0 0.228448 0.222404 0.039272 0.044809
0 0.269636 0.244262 0.037356 0.046995
0 0.318008 0.254645 0.038314 0.037158
0 0.360632 0.278689 0.041188 0.045902
0 0.458812 0.323497 0.044061 0.050273
0 0.506705 0.348087 0.040230 0.049180
0 0.417625 0.085792 0.028736 0.029508
0 0.420498 0.115847 0.030651 0.028415
0 0.447797 0.120219 0.035441 0.032787
0 0.450670 0.083607 0.023946 0.020765
0 0.486111 0.136612 0.037356 0.030601
0 0.522031 0.166667 0.034483 0.031694
0 0.559866 0.190710 0.041188 0.031694
0 0.838602 0.190710 0.075670 0.060109
0 0.725575 0.541530 0.052682 0.066667
0 0.780651 0.538798 0.061303 0.072131
0 0.883621 0.639344 0.071839 0.059016
0 0.894636 0.759563 0.059387 0.087432
0 0.728448 0.705464 0.056513 0.079781
0 0.590517 0.647541 0.046935 0.066667
0 0.533525 0.618579 0.049808 0.048087
0 0.483716 0.593443 0.049808 0.043716
0 0.440613 0.552459 0.038314 0.042623
0 0.399425 0.516940 0.021073 0.030601
0 0.295019 0.373224 0.017241 0.018579
0 0.339559 0.391803 0.018199 0.022951
0 0.359195 0.398907 0.024904 0.024044
0 0.383621 0.410929 0.023946 0.024044
0 0.408046 0.422951 0.026820 0.021858
0 0.428640 0.436612 0.025862 0.027322
0 0.451628 0.449180 0.022031 0.021858
0 0.475096 0.459016 0.026820 0.028415
0 0.498084 0.476503 0.026820 0.024044
0 0.548372 0.496175 0.029693 0.026230