0 0.075670 0.127322 0.086207 0.068852
0 0.386015 0.228962 0.045977 0.042623
0 0.377395 0.309836 0.051724 0.049180
0 0.501916 0.295628 0.099617 0.090710
0 0.496169 0.491803 0.116858 0.111475
0 0.609195 0.215847 0.051724 0.055738
0 0.616858 0.505464 0.059387 0.073224
0 0.725096 0.072678 0.097701 0.064481
0 0.724138 0.153552 0.074713 0.055738
0 0.736111 0.224044 0.064176 0.052459
0 0.750000 0.313661 0.063218 0.050273
0 0.756226 0.413115 0.079502 0.059016
0 0.721743 0.667213 0.064176 0.081967
0 0.732759 0.853005 0.074713 0.112568
0 0.812261 0.858470 0.072797 0.114754
0 0.893678 0.857923 0.074713 0.107104