0 0.142921 0.578907 0.058244 0.113809
0 0.189516 0.626707 0.029570 0.063733
0 0.210125 0.509863 0.025986 0.066768
0 0.207437 0.418816 0.042115 0.094082
0 0.452957 0.241275 0.077957 0.112291
0 0.447581 0.415023 0.061828 0.095599
0 0.433244 0.512140 0.063620 0.092564
0 0.522849 0.277693 0.034946 0.069803
0 0.522849 0.346737 0.029570 0.059181
0 0.517921 0.400607 0.025090 0.048558
0 0.506720 0.454476 0.029570 0.059181
0 0.495072 0.545524 0.025986 0.059181
0 0.490143 0.594841 0.021505 0.054628
0 0.482975 0.640364 0.025090 0.045524
0 0.476254 0.769347 0.036738 0.051593
0 0.590502 0.405159 0.028674 0.057663
0 0.575717 0.500000 0.022401 0.068285
0 0.548835 0.718513 0.031362 0.059181
0 0.542115 0.767071 0.028674 0.053111
0 0.714606 0.425645 0.024194 0.047041
0 0.759409 0.503035 0.024194 0.044006
0 0.914875 0.434750 0.043011 0.074355
0 0.984767 0.486343 0.026882 0.059181
0 0.988799 0.425645 0.018817 0.053111
0 0.991039 0.365706 0.014337 0.054628