0 0.692050 0.818579 0.031609 0.037158
0 0.712165 0.796721 0.031609 0.039344
0 0.778257 0.769399 0.025862 0.030601
0 0.666667 0.669399 0.034483 0.044809
0 0.598659 0.637158 0.028736 0.032787
0 0.546456 0.587432 0.027778 0.033880
0 0.482759 0.630601 0.028736 0.039344
0 0.612069 0.551913 0.040230 0.039344
0 0.461207 0.340437 0.094828 0.075410
0 0.602490 0.287432 0.076628 0.076503
0 0.519157 0.452459 0.082375 0.072131
0 0.624042 0.477596 0.081418 0.093989
0 0.661398 0.610383 0.079502 0.090710
0 0.718870 0.543169 0.075670 0.089617
0 0.770594 0.645902 0.075670 0.098361
0 0.829981 0.734426 0.083333 0.111475
0 0.734195 0.468306 0.071839 0.081967
0 0.786398 0.544262 0.090038 0.098361
0 0.840517 0.626776 0.077586 0.079781
0 0.894157 0.702186 0.075670 0.092896
0 0.284962 0.125683 0.023946 0.026230
0 0.311303 0.112022 0.022989 0.031694
0 0.336686 0.095628 0.022031 0.020765
0 0.366379 0.083607 0.031609 0.036066
0 0.340517 0.046448 0.025862 0.027322
0 0.315134 0.058470 0.026820 0.022951
0 0.264368 0.089071 0.022989 0.020765
0 0.153257 0.019126 0.068966 0.036066