0 0.879789 0.056284 0.064176 0.046995
0 0.879310 0.110383 0.068966 0.037158
0 0.887452 0.172678 0.054598 0.041530
0 0.759100 0.192350 0.045019 0.050273
0 0.690134 0.048087 0.045019 0.037158
0 0.626916 0.228962 0.056513 0.055738
0 0.561303 0.277596 0.051724 0.048087
0 0.407567 0.367213 0.060345 0.059016
0 0.224617 0.439891 0.046935 0.040437
0 0.173372 0.460656 0.045977 0.042623
0 0.174330 0.575956 0.055556 0.050273
0 0.245211 0.693443 0.057471 0.055738
0 0.263889 0.754645 0.054598 0.051366
0 0.451149 0.624044 0.040230 0.065574
0 0.501437 0.586339 0.043103 0.055738
0 0.553640 0.561202 0.047893 0.073224
0 0.595307 0.528415 0.041188 0.064481
0 0.635536 0.477049 0.045019 0.055738
0 0.689655 0.466667 0.057471 0.059016