0 0.651434 0.853566 0.057348 0.107739
0 0.590054 0.861912 0.060036 0.112291
0 0.528674 0.860395 0.060932 0.124431
0 0.466398 0.861912 0.063620 0.124431
0 0.402778 0.861912 0.060036 0.121396
0 0.338710 0.861153 0.062724 0.122914
0 0.276434 0.861912 0.061828 0.121396
0 0.670699 0.625190 0.060036 0.121396
0 0.608871 0.624431 0.058244 0.119879
0 0.480735 0.626707 0.060036 0.106222
0 0.414875 0.622155 0.059140 0.118361
0 0.283154 0.607739 0.053763 0.104704
0 0.280914 0.490895 0.054659 0.098634
0 0.278674 0.375569 0.050179 0.092564
0 0.282258 0.261002 0.053763 0.091047
0 0.283602 0.162367 0.052867 0.084977
0 0.287634 0.049317 0.055556 0.083460
0 0.401882 0.365706 0.043907 0.091047
0 0.471774 0.362671 0.042115 0.084977
0 0.494624 0.144917 0.057348 0.098634