0 0.077061 0.894537 0.046595 0.071320
0 0.125896 0.726100 0.036738 0.047041
0 0.395161 0.732170 0.098566 0.132018
0 0.391577 0.565250 0.093190 0.135053
0 0.383961 0.403642 0.094086 0.136571
0 0.380376 0.235964 0.095878 0.132018
0 0.661290 0.690440 0.060932 0.124431
0 0.668011 0.828528 0.047491 0.088012
0 0.754032 0.823976 0.049283 0.075873
0 0.746416 0.689681 0.044803 0.071320
0 0.722222 0.289074 0.041219 0.074355
0 0.670251 0.087253 0.028674 0.047041
0 0.669355 0.022762 0.032258 0.039454
0 0.711918 0.065250 0.040323 0.060698
0 0.750896 0.067527 0.032258 0.047041
0 0.748656 0.022762 0.034946 0.036419