0 0.943487 0.133880 0.091954 0.081967
0 0.744253 0.565027 0.068966 0.072131
0 0.252395 0.620765 0.077586 0.065574
0 0.259100 0.515847 0.068008 0.052459
0 0.622605 0.355191 0.099617 0.085246
0 0.693008 0.185792 0.092912 0.089617
0 0.028736 0.414208 0.051724 0.085246
0 0.216475 0.243169 0.086207 0.090710
0 0.405172 0.169945 0.086207 0.101639
0 0.527778 0.121858 0.082375 0.077596
0 0.615421 0.090710 0.075670 0.076503
0 0.706897 0.059563 0.068966 0.079781
0 0.247605 0.048087 0.056513 0.048087
0 0.161398 0.080874 0.056513 0.054645
0 0.074713 0.105464 0.086207 0.073224