0 0.565134 0.163934 0.034483 0.037158
0 0.623563 0.137158 0.034483 0.031694
0 0.433908 0.229508 0.061303 0.052459
0 0.466475 0.261202 0.042146 0.037158
0 0.454023 0.298907 0.061303 0.055738
0 0.454502 0.360656 0.035441 0.037158
0 0.559866 0.670492 0.037356 0.042623
0 0.573755 0.708743 0.030651 0.038251
0 0.594828 0.739344 0.059387 0.071038
0 0.606801 0.654098 0.048851 0.053552
0 0.648467 0.260656 0.032567 0.029508
0 0.643199 0.282514 0.031609 0.036066
0 0.664272 0.281421 0.025862 0.029508
0 0.673851 0.295628 0.029693 0.027322
0 0.626437 0.301639 0.030651 0.030601
0 0.659004 0.309836 0.028736 0.027322
0 0.682471 0.324044 0.029693 0.029508
0 0.691571 0.350820 0.034483 0.030601
0 0.702107 0.379781 0.034483 0.033880
0 0.636015 0.330601 0.030651 0.033880
0 0.648467 0.361749 0.030651 0.037158
0 0.655651 0.394536 0.029693 0.041530
0 0.690613 0.466120 0.022989 0.033880
0 0.699234 0.496721 0.028736 0.038251
0 0.742816 0.454645 0.018199 0.028415
0 0.769636 0.406011 0.035441 0.042623
0 0.764847 0.430601 0.033525 0.032787
0 0.758142 0.470492 0.023946 0.027322
0 0.761973 0.500546 0.022031 0.034973
0 0.775383 0.459563 0.031609 0.027322
0 0.775862 0.482514 0.028736 0.025137
0 0.780651 0.496721 0.028736 0.025137
0 0.781130 0.518033 0.020115 0.026230
0 0.803161 0.531694 0.029693 0.031694
0 0.814655 0.565574 0.031609 0.036066
0 0.808429 0.596175 0.032567 0.038251
0 0.830939 0.603279 0.033525 0.037158
0 0.810824 0.629508 0.033525 0.034973
0 0.760057 0.634426 0.035441 0.044809
0 0.781130 0.657923 0.031609 0.043716