0 0.203065 0.013115 0.024904 0.019672
0 0.125958 0.153005 0.050766 0.041530
0 0.137452 0.107104 0.046935 0.041530
0 0.167146 0.059563 0.041188 0.044809
0 0.217433 0.061202 0.044061 0.034973
0 0.272510 0.067213 0.045019 0.044809
0 0.266762 0.108743 0.050766 0.038251
0 0.235632 0.153552 0.053640 0.042623
0 0.315134 0.225137 0.038314 0.041530
0 0.349138 0.183060 0.041188 0.042623
0 0.386973 0.149180 0.040230 0.040437
0 0.426724 0.119672 0.041188 0.040437
0 0.410920 0.262842 0.044061 0.040437
0 0.545019 0.165574 0.034483 0.031694
0 0.588123 0.136612 0.047893 0.041530
0 0.618774 0.107104 0.053640 0.043716
0 0.691571 0.105464 0.028736 0.029508
0 0.661877 0.226776 0.045977 0.053552
0 0.634579 0.284153 0.027778 0.037158
0 0.704502 0.299454 0.031609 0.034973
0 0.654215 0.338798 0.036398 0.034973
0 0.559387 0.378689 0.055556 0.057923
0 0.602969 0.386339 0.033525 0.042623
0 0.636973 0.395082 0.022989 0.029508
0 0.679119 0.410383 0.026820 0.029508
0 0.754310 0.422404 0.058429 0.053552
0 0.617816 0.503279 0.034483 0.040437
0 0.752395 0.533880 0.035441 0.042623
0 0.598180 0.601639 0.033525 0.044809
0 0.633621 0.720765 0.037356 0.044809
0 0.707854 0.814754 0.065134 0.066667
0 0.874521 0.868852 0.067050 0.085246
0 0.455460 0.675956 0.033525 0.044809
0 0.432471 0.636612 0.046935 0.049180
0 0.419540 0.587432 0.038314 0.040437
0 0.303640 0.597814 0.034483 0.048087
0 0.241379 0.503279 0.024904 0.036066
0 0.323276 0.414208 0.058429 0.050273
0 0.364464 0.424590 0.033525 0.042623
0 0.410441 0.436612 0.058429 0.057923
0 0.215996 0.665027 0.041188 0.046995
0 0.225096 0.724044 0.042146 0.046995
0 0.248084 0.797814 0.040230 0.048087
0 0.259579 0.966667 0.040230 0.049180
0 0.108716 0.931148 0.054598 0.059016
0 0.117337 0.867213 0.052682 0.051366
0 0.092912 0.729508 0.044061 0.051366
0 0.056034 0.036612 0.046935 0.025137
0 0.022031 0.110383 0.042146 0.026230
0 0.016284 0.146448 0.030651 0.028415