0 0.369403 0.078689 0.014925 0.019672
0 0.387127 0.074863 0.018657 0.018579
0 0.413246 0.071585 0.024254 0.020765
0 0.433769 0.066120 0.016791 0.014208
0 0.368470 0.114754 0.016791 0.015301
0 0.386194 0.107650 0.018657 0.016393
0 0.383862 0.124590 0.023321 0.019672
0 0.355410 0.150273 0.016791 0.016393
0 0.314366 0.160656 0.014925 0.017486
0 0.309235 0.176503 0.015858 0.016393
0 0.306437 0.195628 0.015858 0.017486
0 0.298041 0.209290 0.019590 0.020765
0 0.322295 0.200000 0.015858 0.015301
0 0.341418 0.196721 0.022388 0.019672
0 0.292910 0.289617 0.037313 0.032787
0 0.373134 0.280874 0.031716 0.028415
0 0.278918 0.625683 0.039179 0.053552
0 0.466418 0.787432 0.050373 0.053552
0 0.698228 0.811475 0.081157 0.106011
0 0.735075 0.817486 0.046642 0.076503
0 0.710821 0.749727 0.069030 0.056831
0 0.694496 0.572678 0.038246 0.063388