0 0.357759 0.084153 0.045019 0.045902
0 0.375000 0.173770 0.023946 0.017486
0 0.417146 0.181421 0.023946 0.019672
0 0.462644 0.185792 0.017241 0.019672
0 0.505268 0.187432 0.033525 0.029508
0 0.545977 0.196175 0.022989 0.018579
0 0.361111 0.247541 0.021073 0.020765
0 0.448755 0.262842 0.033525 0.025137
0 0.538314 0.279781 0.030651 0.043716
0 0.562739 0.467760 0.035441 0.030601
0 0.530651 0.701639 0.028736 0.034973
0 0.377874 0.725137 0.056513 0.049180
0 0.360153 0.773224 0.040230 0.051366
0 0.347222 0.820219 0.039272 0.051366
0 0.337165 0.877596 0.072797 0.069945