0 0.186303 0.495082 0.043103 0.045902
0 0.205460 0.433333 0.060345 0.066667
0 0.390326 0.575410 0.043103 0.049180
0 0.449713 0.597814 0.048851 0.052459
0 0.509100 0.624044 0.045019 0.052459
0 0.573755 0.650273 0.049808 0.052459
0 0.621648 0.669399 0.028736 0.040437
0 0.631705 0.591803 0.066092 0.075410
0 0.648467 0.496175 0.047893 0.045902
0 0.551245 0.490710 0.060345 0.063388
0 0.504789 0.465027 0.038314 0.042623
0 0.447797 0.433333 0.060345 0.060109
0 0.625000 0.125137 0.048851 0.044809
0 0.723180 0.130601 0.055556 0.042623