0 0.703544 0.180874 0.031609 0.029508
0 0.713123 0.269945 0.045019 0.041530
0 0.809866 0.248634 0.048851 0.051366
0 0.708333 0.483607 0.048851 0.053552
0 0.761015 0.585792 0.054598 0.059016
0 0.466954 0.048087 0.052682 0.043716
0 0.461686 0.092896 0.063218 0.043716
0 0.451149 0.136066 0.055556 0.044809
0 0.444444 0.239344 0.055556 0.054645
0 0.444923 0.290710 0.062261 0.054645
0 0.427682 0.364481 0.054598 0.060109
0 0.419540 0.554098 0.061303 0.063388
0 0.397989 0.654645 0.060345 0.067760
0 0.385057 0.802186 0.082375 0.074317
0 0.162356 0.537705 0.066092 0.063388
0 0.186303 0.408743 0.052682 0.059016
0 0.192529 0.352459 0.053640 0.053552