0 0.276341 0.287432 0.064176 0.063388
0 0.390805 0.479235 0.086207 0.099454
0 0.384100 0.577596 0.061303 0.066667
0 0.438218 0.565027 0.054598 0.052459
0 0.512931 0.725137 0.083333 0.099454
0 0.547893 0.231694 0.049808 0.054645
0 0.636973 0.127869 0.032567 0.032787
0 0.639847 0.166120 0.032567 0.028415
0 0.639368 0.201093 0.037356 0.039344
0 0.672893 0.148634 0.033525 0.026230
0 0.724617 0.195628 0.029693 0.030601
0 0.913314 0.318579 0.037356 0.033880
0 0.945881 0.331694 0.033525 0.027322
0 0.927203 0.353552 0.036398 0.036066
0 0.957375 0.360656 0.029693 0.032787
0 0.971743 0.349727 0.039272 0.028415