0 0.073755 0.124590 0.090038 0.072131
0 0.388889 0.228415 0.045977 0.041530
0 0.378352 0.308743 0.049808 0.046995
0 0.493295 0.490710 0.113027 0.115847
0 0.501916 0.293989 0.101533 0.089617
0 0.608238 0.219672 0.055556 0.059016
0 0.719349 0.071038 0.086207 0.069945
0 0.721743 0.156284 0.075670 0.048087
0 0.733238 0.224044 0.068008 0.052459
0 0.750000 0.311475 0.068966 0.059016
0 0.757663 0.409290 0.084291 0.062295
0 0.615421 0.508743 0.064176 0.071038
0 0.722701 0.667213 0.071839 0.081967
0 0.730843 0.855191 0.074713 0.108197
0 0.812261 0.856284 0.072797 0.106011
0 0.891762 0.856284 0.080460 0.106011