0 0.054598 0.368306 0.053640 0.052459
0 0.052203 0.453005 0.023946 0.022951
0 0.312739 0.411475 0.020115 0.025137
0 0.334770 0.412022 0.025862 0.026230
0 0.358716 0.424044 0.025862 0.030601
0 0.343391 0.395082 0.025862 0.029508
0 0.367816 0.405464 0.026820 0.026230
0 0.273467 0.510383 0.029693 0.034973
0 0.335728 0.564481 0.054598 0.079781
0 0.235632 0.741530 0.038314 0.062295
0 0.428161 0.621311 0.065134 0.092896
0 0.468391 0.543716 0.040230 0.038251
0 0.611111 0.482514 0.059387 0.053552
0 0.597222 0.539891 0.058429 0.063388
0 0.750958 0.474317 0.057471 0.048087
0 0.736111 0.520765 0.058429 0.055738
0 0.720785 0.572678 0.058429 0.072131
0 0.829981 0.645902 0.052682 0.052459
0 0.801245 0.725137 0.075670 0.099454
0 0.835728 0.815847 0.048851 0.064481