0 0.437739 0.487432 0.040230 0.043716
0 0.536398 0.157923 0.049808 0.038251
0 0.590517 0.243716 0.048851 0.045902
0 0.615421 0.413661 0.050766 0.053552
0 0.659004 0.400546 0.045977 0.051366
0 0.773467 0.320765 0.045019 0.049180
0 0.820881 0.088525 0.047893 0.032787
0 0.897031 0.159563 0.045019 0.037158
0 0.974138 0.320765 0.045977 0.049180
0 0.679119 0.739891 0.040230 0.050273
0 0.734195 0.715847 0.025862 0.032787
0 0.791188 0.707104 0.034483 0.041530
0 0.848180 0.696175 0.027778 0.032787
0 0.901341 0.671585 0.047893 0.062295