0 0.114464 0.106557 0.016284 0.016393
0 0.142720 0.131148 0.015326 0.017486
0 0.168582 0.161202 0.017241 0.016393
0 0.267720 0.226776 0.023946 0.022951
0 0.294540 0.173224 0.029693 0.031694
0 0.592912 0.178142 0.026820 0.032787
0 0.648946 0.190164 0.022031 0.026230
0 0.704502 0.221858 0.027778 0.030601
0 0.380747 0.265027 0.025862 0.018579
0 0.352969 0.335519 0.054598 0.045902
0 0.397031 0.333333 0.043103 0.048087
0 0.212644 0.428415 0.047893 0.054645
0 0.465996 0.427869 0.052682 0.064481
0 0.471743 0.470492 0.073755 0.079781
0 0.527299 0.457377 0.069923 0.084153
0 0.522510 0.512568 0.069923 0.083060
0 0.573276 0.506011 0.056513 0.076503
0 0.582854 0.551913 0.069923 0.078689
0 0.630747 0.550273 0.060345 0.084153
0 0.634100 0.605464 0.068966 0.093989