0 0.188433 0.844809 0.055970 0.061202
0 0.343284 0.795628 0.050373 0.074317
0 0.503265 0.721858 0.058769 0.066667
0 0.609608 0.651913 0.036381 0.036066
0 0.656716 0.608743 0.048507 0.054645
0 0.632929 0.554645 0.027052 0.033880
0 0.681903 0.519126 0.029851 0.032787
0 0.721082 0.563388 0.042910 0.049180
0 0.656716 0.392350 0.035448 0.037158
0 0.645056 0.353552 0.019590 0.022951
0 0.629198 0.336612 0.025187 0.024044
0 0.605877 0.293989 0.036381 0.050273
0 0.901586 0.431148 0.028918 0.029508
0 0.788246 0.402186 0.020522 0.024044
0 0.770522 0.386339 0.022388 0.022951
0 0.750000 0.351366 0.022388 0.027322
0 0.730410 0.339891 0.020522 0.028415
0 0.708489 0.309290 0.021455 0.026230
0 0.695896 0.298361 0.020522 0.026230
0 0.737873 0.271585 0.042910 0.049180
0 0.770989 0.249727 0.041978 0.053552