0 0.570402 0.223497 0.033525 0.038251
0 0.654215 0.275410 0.065134 0.050273
0 0.641762 0.333333 0.057471 0.056831
0 0.616379 0.384153 0.033525 0.038251
0 0.586686 0.429508 0.031609 0.041530
0 0.602969 0.447541 0.031609 0.040437
0 0.579981 0.500546 0.035441 0.030601
0 0.584770 0.552459 0.066092 0.057923
0 0.568487 0.587432 0.046935 0.057923
0 0.547414 0.647541 0.050766 0.064481
0 0.540230 0.702186 0.047893 0.051366
0 0.534483 0.751366 0.040230 0.046995
0 0.520594 0.825137 0.041188 0.052459
0 0.458333 0.567213 0.033525 0.043716
0 0.445881 0.608197 0.033525 0.044809
0 0.435345 0.656284 0.041188 0.051366
0 0.420498 0.703825 0.038314 0.048087