0 0.371735 0.008197 0.012127 0.012022
0 0.375000 0.016393 0.016791 0.013115
0 0.380597 0.025683 0.014925 0.014208
0 0.396922 0.066667 0.015858 0.017486
0 0.403451 0.085246 0.015858 0.015301
0 0.407649 0.096721 0.018657 0.016393
0 0.416511 0.143169 0.015858 0.015301
0 0.438899 0.196175 0.021455 0.022951
0 0.465019 0.183607 0.019590 0.015301
0 0.446828 0.215847 0.020522 0.018579
0 0.458022 0.246995 0.020522 0.021858
0 0.465485 0.266120 0.016791 0.016393
0 0.472948 0.283607 0.014925 0.020765
0 0.480877 0.298907 0.023321 0.025137
0 0.429571 0.301639 0.027052 0.024044
0 0.437966 0.015301 0.017724 0.015301
0 0.444030 0.025683 0.014925 0.016393
0 0.451493 0.037158 0.022388 0.017486
0 0.472481 0.025683 0.019590 0.014208
0 0.573228 0.038798 0.017724 0.016393
0 0.530317 0.076503 0.017724 0.015301
0 0.547108 0.069945 0.019590 0.013115
0 0.561101 0.061749 0.021455 0.014208
0 0.576959 0.055191 0.013993 0.014208
0 0.628731 0.180328 0.018657 0.017486
0 0.635261 0.197268 0.018657 0.020765
0 0.622668 0.325683 0.049440 0.056831
0 0.531250 0.322951 0.025187 0.020765
0 0.541045 0.375956 0.033582 0.024044
0 0.518657 0.391803 0.020522 0.025137
0 0.555504 0.386885 0.028918 0.028415
0 0.581157 0.389071 0.024254 0.019672
0 0.641791 0.413115 0.024254 0.021858
0 0.531716 0.423497 0.044776 0.038251
0 0.533116 0.452459 0.025187 0.024044
0 0.545243 0.469399 0.023321 0.022951
0 0.551772 0.481967 0.027052 0.024044
0 0.587220 0.463388 0.021455 0.026230
0 0.569963 0.454645 0.078358 0.059016
0 0.876866 0.729508 0.059701 0.066667
0 0.769123 0.812022 0.036381 0.045902
0 0.546642 0.012022 0.013060 0.013115