0 0.124521 0.316940 0.045977 0.043716
0 0.107280 0.353005 0.045977 0.043716
0 0.170498 0.290710 0.045977 0.041530
0 0.211207 0.271038 0.043103 0.041530
0 0.227969 0.287432 0.028736 0.030601
0 0.289751 0.331694 0.037356 0.038251
0 0.343870 0.289071 0.036398 0.038251
0 0.379310 0.274863 0.040230 0.036066
0 0.436303 0.229508 0.037356 0.039344
0 0.460249 0.213661 0.023946 0.033880
0 0.537835 0.243169 0.045019 0.038251
0 0.410441 0.339344 0.037356 0.036066
0 0.384579 0.357923 0.031609 0.040437
0 0.352490 0.372131 0.036398 0.036066
0 0.318966 0.398907 0.051724 0.041530
0 0.576149 0.331148 0.060345 0.059016
0 0.780651 0.243169 0.047893 0.040437
0 0.784962 0.332240 0.041188 0.039344
0 0.898467 0.349727 0.042146 0.041530
0 0.864943 0.379235 0.045977 0.043716
0 0.829981 0.414754 0.043103 0.042623
0 0.759579 0.479781 0.051724 0.045902
0 0.701628 0.526230 0.068008 0.075410
0 0.764847 0.592350 0.064176 0.080874
0 0.527778 0.637158 0.044061 0.052459
0 0.465038 0.634973 0.054598 0.054645
0 0.566571 0.686339 0.050766 0.065574
0 0.566092 0.742623 0.051724 0.068852