0 0.130747 0.853552 0.079502 0.091803
0 0.315134 0.657377 0.091954 0.088525
0 0.354885 0.561749 0.073755 0.074317
0 0.328065 0.384153 0.039272 0.036066
0 0.336686 0.167760 0.045019 0.033880
0 0.388889 0.272131 0.036398 0.034973
0 0.443966 0.318033 0.046935 0.037158
0 0.541667 0.031148 0.023946 0.020765
0 0.652778 0.068306 0.062261 0.057923
0 0.734195 0.071038 0.027778 0.028415
0 0.767241 0.077049 0.024904 0.027322
0 0.801245 0.079781 0.016284 0.021858
0 0.835728 0.087432 0.020115 0.019672
0 0.866858 0.089071 0.021073 0.020765
0 0.894157 0.091257 0.025862 0.018579
0 0.923851 0.096175 0.025862 0.024044
0 0.954981 0.097814 0.022989 0.020765
0 0.900862 0.261749 0.037356 0.027322
0 0.957854 0.284699 0.045977 0.036066
0 0.984195 0.339344 0.027778 0.027322
0 0.985632 0.402186 0.021073 0.026230