0 0.059701 0.619126 0.035448 0.033880
0 0.061101 0.650273 0.034515 0.028415
0 0.060168 0.683060 0.028918 0.041530
0 0.173507 0.633333 0.059701 0.066667
0 0.255597 0.616393 0.076493 0.069945
0 0.336287 0.597268 0.073694 0.068852
0 0.416045 0.576503 0.074627 0.064481
0 0.493470 0.555738 0.078358 0.068852
0 0.570429 0.521311 0.075560 0.069945
0 0.609608 0.624590 0.040112 0.044809
0 0.625933 0.689617 0.035448 0.041530
0 0.689366 0.719126 0.046642 0.048087
0 0.751866 0.706557 0.039179 0.051366
0 0.776586 0.460109 0.060634 0.065574
0 0.767257 0.396175 0.038246 0.042623
0 0.834888 0.607104 0.039179 0.090710