0 0.737548 0.009836 0.013410 0.015301
0 0.756226 0.017486 0.033525 0.030601
0 0.604885 0.033333 0.033525 0.029508
0 0.725575 0.059563 0.033525 0.029508
0 0.705460 0.089071 0.033525 0.029508
0 0.663793 0.106557 0.032567 0.029508
0 0.621648 0.132240 0.047893 0.037158
0 0.619732 0.310383 0.063218 0.045902
0 0.507184 0.491803 0.066092 0.052459
0 0.406609 0.619126 0.054598 0.064481
0 0.343391 0.697268 0.075670 0.069945
0 0.242816 0.726776 0.066092 0.063388
0 0.210249 0.788525 0.058429 0.062295
0 0.307471 0.783060 0.051724 0.053552