0 0.121648 0.858470 0.105364 0.127869
0 0.227969 0.781967 0.067050 0.084153
0 0.402778 0.741530 0.068008 0.077596
0 0.526820 0.697814 0.103448 0.136612
0 0.599617 0.663388 0.053640 0.067760
0 0.673372 0.646995 0.055556 0.076503
0 0.723659 0.612022 0.058429 0.067760
0 0.816092 0.592896 0.101533 0.123497
0 0.874042 0.567760 0.039272 0.042623
0 0.924808 0.543169 0.052682 0.065574
0 0.979406 0.530055 0.039272 0.061202
0 0.479885 0.116940 0.038314 0.039344
0 0.517241 0.106011 0.036398 0.041530
0 0.560824 0.095082 0.039272 0.032787
0 0.597701 0.086339 0.036398 0.037158
0 0.630268 0.079781 0.036398 0.034973
0 0.683908 0.069945 0.036398 0.037158
0 0.717912 0.061749 0.039272 0.033880
0 0.756226 0.054098 0.035441 0.033880
0 0.788793 0.044262 0.033525 0.036066
0 0.826628 0.033880 0.042146 0.034973
0 0.840517 0.148634 0.045019 0.032787
0 0.872126 0.160109 0.050766 0.040437
0 0.863506 0.187978 0.041188 0.037158
0 0.914272 0.255191 0.052682 0.042623