0 0.598659 0.100546 0.034483 0.037158
0 0.686782 0.074863 0.051724 0.042623
0 0.313218 0.195628 0.040230 0.037158
0 0.289751 0.221858 0.039272 0.037158
0 0.268678 0.249180 0.029693 0.024044
0 0.376916 0.236066 0.043103 0.032787
0 0.345785 0.303825 0.026820 0.028415
0 0.411877 0.340984 0.053640 0.048087
0 0.477969 0.390710 0.040230 0.033880
0 0.859674 0.269945 0.027778 0.021858
0 0.848180 0.279235 0.022031 0.020765
0 0.847222 0.293989 0.027778 0.021858
0 0.840996 0.309836 0.026820 0.027322
0 0.344349 0.501093 0.029693 0.031694
0 0.294540 0.598907 0.035441 0.028415
0 0.215517 0.607650 0.026820 0.026230
0 0.161877 0.746448 0.026820 0.028415
0 0.171935 0.767213 0.029693 0.039344
0 0.177203 0.803825 0.034483 0.042623
0 0.127395 0.867760 0.028736 0.041530
0 0.089559 0.918033 0.037356 0.043716
0 0.047414 0.959563 0.041188 0.048087
0 0.685824 0.497268 0.028736 0.026230
0 0.671456 0.522951 0.042146 0.033880
0 0.649425 0.560656 0.032567 0.032787
0 0.774425 0.575956 0.041188 0.034973
0 0.749521 0.609836 0.037356 0.039344
0 0.728927 0.671038 0.045977 0.065574
0 0.692050 0.705464 0.041188 0.042623
0 0.680077 0.761202 0.038314 0.040437
0 0.639847 0.769945 0.040230 0.040437
0 0.625000 0.847541 0.039272 0.044809
0 0.606801 0.890710 0.031609 0.048087
0 0.579502 0.937158 0.042146 0.053552
0 0.559387 0.974863 0.032567 0.037158
0 0.483716 0.887978 0.049808 0.057923
0 0.424808 0.846448 0.037356 0.044809
0 0.403257 0.884699 0.030651 0.038251
0 0.393199 0.921858 0.037356 0.040437
0 0.363985 0.950820 0.047893 0.054645
0 0.414751 0.984699 0.044061 0.030601