0 0.149904 0.190164 0.066092 0.045902
0 0.158046 0.243716 0.070881 0.059016
0 0.293582 0.209836 0.068008 0.054645
0 0.368295 0.167760 0.056513 0.040437
0 0.408046 0.212022 0.042146 0.030601
0 0.277778 0.287978 0.063218 0.049180
0 0.275862 0.456831 0.067050 0.067760
0 0.325670 0.457923 0.040230 0.050273
0 0.367337 0.467213 0.041188 0.040437
0 0.406130 0.481421 0.038314 0.040437
0 0.281609 0.534426 0.074713 0.069945
0 0.295977 0.597814 0.065134 0.067760
0 0.350575 0.728415 0.044061 0.044809
0 0.563697 0.492896 0.058429 0.063388
0 0.821839 0.289617 0.047893 0.048087
0 0.386494 0.886885 0.054598 0.062295
0 0.378831 0.973770 0.056513 0.054645
0 0.655172 0.953552 0.051724 0.068852