0 0.603927 0.809836 0.062261 0.052459
0 0.568487 0.753552 0.048851 0.055738
0 0.524904 0.651366 0.053640 0.054645
0 0.489943 0.607650 0.043103 0.039344
0 0.618295 0.576503 0.029693 0.029508
0 0.636973 0.607104 0.024904 0.031694
0 0.673372 0.671585 0.022989 0.036066
0 0.692050 0.703825 0.031609 0.034973
0 0.721264 0.738798 0.028736 0.032787
0 0.821360 0.584699 0.054598 0.052459
0 0.778736 0.545355 0.028736 0.032787
0 0.750479 0.500000 0.041188 0.049180
0 0.715996 0.462842 0.029693 0.031694
0 0.810345 0.403825 0.045977 0.044809
0 0.772031 0.354098 0.049808 0.039344
0 0.749042 0.323497 0.026820 0.028415
0 0.656130 0.283060 0.022989 0.026230
0 0.529693 0.431694 0.028736 0.028415
0 0.512452 0.406557 0.022989 0.026230
0 0.497126 0.387432 0.028736 0.025137
0 0.483238 0.361202 0.035441 0.031694
0 0.402778 0.453005 0.033525 0.038251
0 0.428161 0.490164 0.045977 0.042623
0 0.268678 0.274317 0.071839 0.056831
0 0.250000 0.216940 0.080460 0.051366
0 0.216954 0.180874 0.043103 0.033880
0 0.201628 0.130055 0.069923 0.048087
0 0.181034 0.084699 0.068966 0.049180
0 0.373084 0.110929 0.060345 0.049180
0 0.338123 0.077596 0.038314 0.028415
0 0.320881 0.054645 0.038314 0.024044
0 0.321839 0.013661 0.034483 0.025137