0 0.114464 0.545902 0.060345 0.068852
0 0.140805 0.636612 0.068966 0.066667
0 0.233238 0.912022 0.075670 0.097268
0 0.284483 0.925137 0.057471 0.066667
0 0.176724 0.480328 0.066092 0.055738
0 0.250000 0.454645 0.063218 0.067760
0 0.269636 0.404372 0.060345 0.059016
0 0.311303 0.448634 0.063218 0.062295
0 0.343391 0.455738 0.071839 0.059016
0 0.359195 0.507104 0.057471 0.061202
0 0.540709 0.551913 0.039272 0.039344
0 0.556513 0.521311 0.047893 0.039344
0 0.561782 0.479235 0.043103 0.040437
0 0.641284 0.580874 0.033525 0.040437
0 0.690134 0.639891 0.064176 0.086339
0 0.759579 0.734973 0.074713 0.090710
0 0.618774 0.396175 0.045977 0.049180
0 0.603927 0.253005 0.029693 0.025137
0 0.703065 0.428415 0.059387 0.054645
0 0.744732 0.481967 0.064176 0.059016
0 0.791188 0.513661 0.028736 0.028415
0 0.821360 0.568852 0.066092 0.062295
0 0.868295 0.608743 0.041188 0.043716
0 0.912356 0.554645 0.025862 0.025137
0 0.929119 0.574317 0.022989 0.025137
0 0.948755 0.596721 0.023946 0.026230
0 0.967912 0.617486 0.025862 0.026230
0 0.941571 0.528962 0.024904 0.026230
0 0.961686 0.548087 0.024904 0.027322
0 0.979406 0.570492 0.025862 0.026230
0 0.975096 0.503825 0.028736 0.024044
0 0.991379 0.523497 0.017241 0.024044