0 0.354944 0.403279 0.036381 0.037158
0 0.406716 0.430055 0.035448 0.036066
0 0.473414 0.457923 0.056903 0.061202
0 0.556903 0.409290 0.072761 0.075410
0 0.609142 0.365574 0.046642 0.033880
0 0.612873 0.393443 0.059701 0.052459
0 0.652052 0.378142 0.041045 0.041530
0 0.698694 0.440437 0.059701 0.065574
0 0.329757 0.466667 0.036381 0.034973
0 0.246735 0.475956 0.027052 0.029508
0 0.273321 0.487432 0.039179 0.028415
0 0.272388 0.508197 0.024254 0.026230
0 0.248134 0.505464 0.024254 0.029508
0 0.231810 0.515301 0.028918 0.025137
0 0.227612 0.538251 0.027985 0.029508
0 0.244869 0.532240 0.030784 0.030601
0 0.244869 0.557377 0.028918 0.037158
0 0.225280 0.561749 0.023321 0.032787
0 0.208955 0.563388 0.027985 0.029508
0 0.234608 0.590164 0.028918 0.037158
0 0.206623 0.615847 0.021455 0.027322
0 0.224347 0.626230 0.032649 0.034973
0 0.154851 0.622951 0.022388 0.030601
0 0.148787 0.646995 0.023321 0.030601
0 0.157183 0.664481 0.028918 0.030601
0 0.130597 0.656831 0.026119 0.037158
0 0.182369 0.623497 0.069963 0.068852
0 0.121269 0.588525 0.026119 0.036066
0 0.105877 0.592896 0.023321 0.031694
0 0.107743 0.571585 0.025187 0.026230
0 0.087220 0.598907 0.025187 0.030601
0 0.094683 0.650273 0.027052 0.032787
0 0.067164 0.646995 0.024254 0.030601
0 0.058302 0.635519 0.023321 0.029508
0 0.100746 0.623497 0.024254 0.031694
0 0.083489 0.626776 0.023321 0.029508
0 0.066231 0.614208 0.024254 0.028415
0 0.073228 0.595082 0.028918 0.049180
0 0.054571 0.584699 0.027052 0.030601
0 0.069963 0.559563 0.031716 0.048087
0 0.024254 0.609290 0.026119 0.029508
0 0.043843 0.624590 0.026119 0.036066
0 0.036847 0.569399 0.066231 0.074317