0 0.951628 0.012022 0.037356 0.021858
0 0.988506 0.030055 0.024904 0.031694
0 0.955939 0.317486 0.051724 0.036066
0 0.898946 0.786339 0.062261 0.062295
0 0.782567 0.560109 0.051724 0.044809
0 0.694923 0.569945 0.045019 0.049180
0 0.629789 0.534426 0.048851 0.050273
0 0.590996 0.507650 0.038314 0.042623
0 0.555077 0.466667 0.052682 0.063388
0 0.513889 0.448087 0.027778 0.041530
0 0.478448 0.422404 0.027778 0.040437
0 0.497126 0.474863 0.030651 0.031694
0 0.461686 0.524044 0.042146 0.049180
0 0.440134 0.606557 0.041188 0.050273
0 0.405651 0.675956 0.066092 0.064481
0 0.379789 0.755191 0.045019 0.056831
0 0.314655 0.809836 0.060345 0.065574
0 0.250479 0.912022 0.048851 0.066667
0 0.076628 0.850273 0.057471 0.065574
0 0.203065 0.978142 0.051724 0.048087