0 0.165709 0.037705 0.030651 0.029508
0 0.050287 0.096721 0.031609 0.029508
0 0.079502 0.118579 0.038314 0.027322
0 0.152778 0.156831 0.035441 0.029508
0 0.050766 0.192896 0.055556 0.036066
0 0.101054 0.267760 0.045019 0.030601
0 0.195881 0.223497 0.041188 0.033880
0 0.278736 0.212568 0.034483 0.029508
0 0.291188 0.292896 0.034483 0.032787
0 0.238506 0.304372 0.040230 0.036066
0 0.741379 0.093989 0.034483 0.024044
0 0.221264 0.522404 0.042146 0.043716
0 0.267720 0.503279 0.048851 0.040437
0 0.216954 0.724590 0.052682 0.041530
0 0.268199 0.701639 0.049808 0.041530