0 0.297414 0.018579 0.054598 0.030601
0 0.311782 0.046448 0.060345 0.033880
0 0.305556 0.103825 0.040230 0.037158
0 0.359195 0.203279 0.040230 0.039344
0 0.366858 0.245902 0.042146 0.045902
0 0.254310 0.519672 0.043103 0.049180
0 0.274425 0.598907 0.043103 0.054645
0 0.284483 0.659016 0.040230 0.059016
0 0.301724 0.718579 0.045977 0.053552
0 0.314176 0.798907 0.086207 0.069945
0 0.330460 0.893443 0.086207 0.075410
0 0.771552 0.802186 0.031609 0.037158
0 0.780651 0.830055 0.038314 0.025137
0 0.830939 0.757923 0.033525 0.053552
0 0.859195 0.814208 0.045977 0.065574
0 0.876437 0.880328 0.057471 0.075410
0 0.931034 0.879235 0.097701 0.103825
0 0.943487 0.957923 0.109195 0.079781
0 0.911398 0.733333 0.045019 0.069945
0 0.916667 0.795628 0.068966 0.080874
0 0.960728 0.702186 0.068966 0.084153
0 0.957854 0.744809 0.034483 0.031694
0 0.973659 0.771038 0.037356 0.031694
0 0.980843 0.807104 0.034483 0.038251
0 0.697318 0.225137 0.038314 0.041530