0 0.172043 0.085736 0.026882 0.050076
0 0.186828 0.141123 0.049283 0.072838
0 0.188172 0.207132 0.034050 0.062215
0 0.241039 0.510622 0.041219 0.074355
0 0.255824 0.547041 0.031362 0.059181
0 0.264337 0.736722 0.046595 0.077390
0 0.290771 0.723824 0.027778 0.057663
0 0.422491 0.833839 0.027778 0.068285
0 0.491487 0.827011 0.024194 0.054628
0 0.487903 0.765554 0.025986 0.059181
0 0.482079 0.701821 0.028674 0.062215
0 0.477599 0.656297 0.028674 0.062215
0 0.436828 0.468892 0.061828 0.100152
0 0.368728 0.385432 0.043907 0.081942
0 0.432348 0.359636 0.043907 0.075873
0 0.349462 0.141123 0.039427 0.069803
0 0.387545 0.122155 0.038530 0.047041
0 0.430108 0.114568 0.034050 0.050076
0 0.462814 0.105463 0.031362 0.050076
0 0.507616 0.087253 0.036738 0.050076
0 0.637545 0.207132 0.027778 0.053111
0 0.720430 0.185129 0.026882 0.054628
0 0.734767 0.232929 0.025090 0.050076
0 0.800179 0.165402 0.025090 0.069803
0 0.811828 0.216995 0.026882 0.054628
0 0.839606 0.368741 0.034050 0.060698
0 0.844982 0.428680 0.028674 0.047041
0 0.853943 0.477997 0.028674 0.060698
0 0.841846 0.657056 0.031362 0.057663
0 0.875448 0.670713 0.030466 0.045524