0 0.033525 0.103825 0.061303 0.063388
0 0.204502 0.027869 0.073755 0.055738
0 0.187739 0.103279 0.074713 0.068852
0 0.162356 0.197814 0.083333 0.078689
0 0.137452 0.296721 0.071839 0.062295
0 0.115421 0.409836 0.087165 0.091803
0 0.096264 0.512568 0.089080 0.091803
0 0.070881 0.616940 0.088123 0.097268
0 0.041188 0.731694 0.074713 0.086339
0 0.337165 0.590710 0.097701 0.103825
0 0.370690 0.221311 0.080460 0.075410
0 0.379310 0.146448 0.086207 0.067760
0 0.539272 0.132787 0.084291 0.081967
0 0.539272 0.226776 0.088123 0.092896
0 0.404215 0.787432 0.095785 0.132240
0 0.520594 0.794536 0.104406 0.137705
0 0.525862 0.638251 0.086207 0.102732
0 0.948755 0.506011 0.092912 0.091803
0 0.883142 0.414208 0.074713 0.065574
0 0.858238 0.112022 0.072797 0.051366
0 0.843391 0.030601 0.077586 0.052459