0 0.264368 0.256284 0.063218 0.064481
0 0.310345 0.232240 0.063218 0.062295
0 0.088123 0.570492 0.080460 0.069945
0 0.175766 0.538251 0.094828 0.095082
0 0.266284 0.477049 0.072797 0.062295
0 0.327586 0.549180 0.040230 0.038251
0 0.056034 0.752459 0.083333 0.114754
0 0.420498 0.628415 0.040230 0.037158
0 0.477011 0.537158 0.032567 0.049180
0 0.535441 0.496721 0.051724 0.057923
0 0.660441 0.415847 0.064176 0.088525
0 0.723180 0.397814 0.072797 0.078689
0 0.791188 0.367213 0.045977 0.041530
0 0.828065 0.337705 0.025862 0.026230
0 0.869253 0.332240 0.048851 0.061202
0 0.925766 0.298907 0.043103 0.038251
0 0.771073 0.068852 0.057471 0.045902
0 0.779693 0.055738 0.036398 0.034973
0 0.779693 0.011475 0.040230 0.022951
0 0.842433 0.046995 0.041188 0.028415
0 0.815134 0.035519 0.045977 0.038251
0 0.863985 0.032787 0.053640 0.043716
0 0.918103 0.034426 0.052682 0.040437
0 0.960728 0.025137 0.040230 0.030601
0 0.877874 0.686885 0.081418 0.075410
0 0.932471 0.669945 0.039272 0.045902
0 0.962644 0.655191 0.040230 0.049180
0 0.954502 0.613661 0.052682 0.040437
0 0.936782 0.771038 0.061303 0.060109
0 0.969828 0.830055 0.058429 0.071038
0 0.886973 0.831694 0.116858 0.131148
0 0.198276 0.239891 0.032567 0.027322