0 0.121169 0.237705 0.041188 0.049180
0 0.162835 0.254098 0.038314 0.042623
0 0.209770 0.255738 0.044061 0.048087
0 0.263410 0.260656 0.044061 0.049180
0 0.391762 0.314208 0.042146 0.044809
0 0.384100 0.374863 0.072797 0.061202
0 0.331897 0.646995 0.056513 0.054645
0 0.339559 0.728415 0.050766 0.064481
0 0.332854 0.802186 0.054598 0.065574
0 0.309866 0.908743 0.071839 0.071038
0 0.675766 0.298361 0.069923 0.063388
0 0.676245 0.390164 0.097701 0.091803
0 0.676245 0.482514 0.101533 0.092896
0 0.681513 0.586339 0.096743 0.099454
0 0.683908 0.826230 0.114943 0.131148
0 0.686782 0.949727 0.107280 0.098361
0 0.895115 0.685246 0.083333 0.087432
0 0.888410 0.550273 0.106322 0.097268
0 0.866379 0.406011 0.098659 0.092896
0 0.863506 0.281421 0.087165 0.081967
0 0.887931 0.174317 0.044061 0.044809