0 0.037835 0.013661 0.027778 0.016393
0 0.019636 0.031148 0.023946 0.020765
0 0.049330 0.058470 0.023946 0.020765
0 0.026341 0.076503 0.022031 0.017486
0 0.009100 0.095082 0.016284 0.019672
0 0.074713 0.128962 0.024904 0.019672
0 0.122126 0.190164 0.029693 0.030601
0 0.162356 0.146448 0.025862 0.021858
0 0.187261 0.124044 0.025862 0.022951
0 0.209291 0.239891 0.027778 0.027322
0 0.229406 0.218579 0.027778 0.028415
0 0.250958 0.195082 0.022989 0.022951
0 0.269157 0.171038 0.024904 0.025137
0 0.275862 0.236066 0.028736 0.034973
0 0.253831 0.265027 0.028736 0.027322
0 0.381705 0.266120 0.033525 0.031694
0 0.409004 0.231694 0.032567 0.028415
0 0.470785 0.351366 0.045019 0.044809
0 0.505268 0.302732 0.045019 0.041530
0 0.290230 0.434426 0.026820 0.031694
0 0.346743 0.462295 0.032567 0.030601
0 0.565134 0.739344 0.053640 0.066667
0 0.547414 0.631148 0.025862 0.020765
0 0.557950 0.626776 0.045019 0.038251