0 0.772989 0.045355 0.040230 0.042623
0 0.884579 0.157923 0.048851 0.038251
0 0.743295 0.164481 0.038314 0.033880
0 0.550287 0.135519 0.025862 0.026230
0 0.628352 0.171585 0.032567 0.032787
0 0.668103 0.186885 0.043103 0.039344
0 0.709770 0.209290 0.040230 0.042623
0 0.578065 0.281421 0.073755 0.055738
0 0.790709 0.371038 0.058429 0.051366
0 0.733716 0.472678 0.063218 0.046995
0 0.707375 0.515301 0.058429 0.051366
0 0.685824 0.564481 0.067050 0.051366
0 0.655651 0.613661 0.039272 0.027322
0 0.403736 0.531694 0.071839 0.073224
0 0.336207 0.636612 0.091954 0.097268
0 0.260536 0.751366 0.107280 0.116940
0 0.233716 0.820219 0.051724 0.060109
0 0.174330 0.884153 0.116858 0.128962