0 0.099138 0.034426 0.060345 0.055738
0 0.086686 0.084153 0.062261 0.054645
0 0.063697 0.163934 0.058429 0.052459
0 0.050766 0.215847 0.067050 0.055738
0 0.030651 0.268306 0.055556 0.055738
0 0.017720 0.375956 0.035441 0.056831
0 0.016284 0.428962 0.030651 0.055738
0 0.329502 0.110383 0.042146 0.041530
0 0.284962 0.315301 0.033525 0.038251
0 0.274904 0.415301 0.053640 0.050273
0 0.236111 0.649727 0.052682 0.064481
0 0.273467 0.766667 0.056513 0.075410
0 0.385057 0.389071 0.057471 0.063388
0 0.720785 0.810383 0.048851 0.064481
0 0.852011 0.823497 0.071839 0.077596