0 0.201165 0.162367 0.043907 0.072838
0 0.220430 0.204856 0.046595 0.072838
0 0.253584 0.246586 0.060932 0.077390
0 0.294355 0.198027 0.024194 0.044006
0 0.266577 0.118361 0.031362 0.054628
0 0.293459 0.110774 0.033154 0.051593
0 0.299283 0.147951 0.032258 0.050076
0 0.318548 0.151745 0.034946 0.051593
0 0.371416 0.226100 0.027778 0.039454
0 0.219982 0.589530 0.020609 0.031866
0 0.397401 0.411988 0.049283 0.074355
0 0.456989 0.387709 0.037634 0.062215
0 0.422491 0.468134 0.033154 0.056146
0 0.454749 0.516692 0.036738 0.059181
0 0.509857 0.457511 0.028674 0.053111
0 0.491487 0.563733 0.040323 0.074355
0 0.339606 0.613050 0.016129 0.039454
0 0.358423 0.591047 0.023297 0.044006
0 0.337814 0.666920 0.023297 0.037936
0 0.579749 0.610015 0.048387 0.081942
0 0.549283 0.644917 0.035842 0.063733
0 0.526434 0.682094 0.036738 0.053111
0 0.653226 0.719272 0.055556 0.097117
0 0.617832 0.779970 0.025986 0.045524
0 0.597222 0.808801 0.029570 0.045524
0 0.748656 0.933991 0.058244 0.092564