0 0.055077 0.036612 0.048851 0.025137
0 0.022510 0.112568 0.039272 0.028415
0 0.016762 0.146995 0.029693 0.029508
0 0.202107 0.013115 0.024904 0.021858
0 0.125958 0.151913 0.056513 0.043716
0 0.137452 0.106011 0.046935 0.045902
0 0.166667 0.059016 0.047893 0.045902
0 0.218391 0.061202 0.045977 0.034973
0 0.270594 0.062295 0.046935 0.043716
0 0.265805 0.108197 0.058429 0.045902
0 0.237069 0.154645 0.060345 0.049180
0 0.317050 0.226776 0.045977 0.049180
0 0.351054 0.185246 0.048851 0.049180
0 0.386494 0.149180 0.037356 0.040437
0 0.426245 0.118579 0.042146 0.040437
0 0.408525 0.263388 0.041188 0.043716
0 0.544061 0.163934 0.042146 0.034973
0 0.585249 0.134973 0.053640 0.044809
0 0.619253 0.107650 0.054598 0.042623
0 0.690134 0.106557 0.029693 0.029508
0 0.659004 0.227869 0.049808 0.049180
0 0.634579 0.283607 0.031609 0.033880
0 0.704502 0.299454 0.033525 0.034973
0 0.656609 0.338798 0.041188 0.034973
0 0.320881 0.413661 0.053640 0.055738
0 0.367337 0.424590 0.037356 0.040437
0 0.411398 0.433333 0.056513 0.064481
0 0.557950 0.377596 0.060345 0.066667
0 0.601533 0.386339 0.038314 0.044809
0 0.637931 0.396175 0.030651 0.027322
0 0.681034 0.409290 0.026820 0.029508
0 0.756705 0.424044 0.063218 0.061202
0 0.752395 0.534973 0.039272 0.042623
0 0.614943 0.503825 0.040230 0.037158
0 0.239464 0.501093 0.032567 0.040437
0 0.093391 0.729508 0.045019 0.046995
0 0.213123 0.668306 0.048851 0.053552
0 0.225575 0.723497 0.046935 0.054645
0 0.249521 0.797814 0.041188 0.052459
0 0.113506 0.984699 0.054598 0.028415
0 0.262931 0.968852 0.045019 0.051366
0 0.303640 0.597814 0.040230 0.052459
0 0.419061 0.586339 0.039272 0.044809
0 0.432950 0.636612 0.053640 0.055738
0 0.456897 0.677049 0.036398 0.040437
0 0.598180 0.603279 0.039272 0.048087
0 0.631226 0.722951 0.040230 0.049180
0 0.709291 0.813661 0.071839 0.068852
0 0.874521 0.868852 0.070881 0.085246