0 0.156609 0.020765 0.077586 0.037158
0 0.263889 0.089617 0.025862 0.024044
0 0.314655 0.059563 0.023946 0.022951
0 0.340517 0.045902 0.025862 0.024044
0 0.364464 0.084699 0.027778 0.027322
0 0.337644 0.096175 0.022031 0.021858
0 0.311782 0.110929 0.022031 0.022951
0 0.285920 0.127322 0.025862 0.025137
0 0.459291 0.339344 0.092912 0.071038
0 0.601533 0.287432 0.072797 0.076503
0 0.519157 0.456284 0.082375 0.077596
0 0.625479 0.478142 0.082375 0.090710
0 0.731801 0.471038 0.072797 0.078689
0 0.480843 0.631694 0.038314 0.034973
0 0.543103 0.586885 0.019157 0.024044
0 0.600575 0.636612 0.026820 0.027322
0 0.665709 0.671585 0.030651 0.036066
0 0.692050 0.818033 0.029693 0.033880
0 0.712165 0.799454 0.025862 0.027322
0 0.775383 0.769399 0.018199 0.019672
0 0.612548 0.551366 0.029693 0.036066
0 0.670977 0.551366 0.048851 0.053552
0 0.661398 0.609290 0.079502 0.081967
0 0.721743 0.549180 0.083333 0.081967
0 0.789272 0.545355 0.088123 0.093989
0 0.844349 0.626776 0.071839 0.081967
0 0.770594 0.643716 0.079502 0.093989
0 0.831897 0.732787 0.083333 0.101639
0 0.894636 0.701093 0.070881 0.084153