0 0.074713 0.025683 0.024904 0.016393
0 0.059866 0.037705 0.022031 0.016393
0 0.048851 0.046995 0.022989 0.017486
0 0.797893 0.127869 0.034483 0.032787
0 0.834770 0.134973 0.035441 0.036066
0 0.872605 0.151913 0.040230 0.041530
0 0.604406 0.167213 0.047893 0.048087
0 0.720307 0.189071 0.067050 0.063388
0 0.460728 0.240984 0.053640 0.040437
0 0.474617 0.263934 0.037356 0.036066
0 0.507184 0.248087 0.045019 0.041530
0 0.552682 0.277049 0.036398 0.036066
0 0.525383 0.309290 0.039272 0.039344
0 0.558908 0.362842 0.025862 0.028415
0 0.588602 0.366667 0.039272 0.044809
0 0.569444 0.393443 0.045019 0.041530
0 0.596743 0.410383 0.042146 0.049180
0 0.614464 0.380328 0.050766 0.041530
0 0.228927 0.607650 0.067050 0.067760
0 0.310824 0.657377 0.043103 0.046995
0 0.121169 0.661202 0.060345 0.076503
0 0.074234 0.733880 0.058429 0.077596
0 0.184866 0.709836 0.032567 0.038251
0 0.235632 0.732787 0.045977 0.055738
0 0.099138 0.809836 0.045019 0.052459
0 0.141762 0.830055 0.061303 0.077596
0 0.181992 0.810929 0.042146 0.059016