0 0.052682 0.367760 0.045977 0.044809
0 0.073276 0.466120 0.077586 0.066667
0 0.314655 0.366120 0.048851 0.043716
0 0.294540 0.469945 0.048851 0.045902
0 0.412835 0.487432 0.049808 0.048087
0 0.368295 0.524590 0.045019 0.045902
0 0.320881 0.562842 0.047893 0.048087
0 0.227011 0.639891 0.057471 0.053552
0 0.153257 0.690710 0.063218 0.080874
0 0.201149 0.770492 0.063218 0.085246
0 0.484674 0.669399 0.024904 0.027322
0 0.517241 0.633880 0.028736 0.032787
0 0.428640 0.881421 0.039272 0.042623
0 0.513410 0.802186 0.038314 0.061202
0 0.595785 0.726230 0.040230 0.055738
0 0.630747 0.700546 0.025862 0.028415
0 0.675766 0.654098 0.035441 0.042623
0 0.704981 0.624590 0.040230 0.042623
0 0.743774 0.584699 0.043103 0.052459
0 0.636015 0.531694 0.028736 0.031694
0 0.746648 0.429508 0.031609 0.039344
0 0.816571 0.525137 0.033525 0.038251
0 0.840517 0.496175 0.037356 0.045902
0 0.875958 0.464481 0.037356 0.034973
0 0.902299 0.438251 0.034483 0.034973
0 0.959291 0.391257 0.025862 0.026230
0 0.988985 0.351913 0.018199 0.032787
0 0.896552 0.297814 0.022989 0.029508
0 0.962644 0.196175 0.051724 0.055738