0 0.604944 0.295628 0.032649 0.040437
0 0.630131 0.338251 0.027052 0.025137
0 0.645989 0.354645 0.019590 0.018579
0 0.657183 0.393989 0.036381 0.044809
0 0.739272 0.269399 0.038246 0.038251
0 0.770056 0.248634 0.040112 0.042623
0 0.697295 0.297268 0.023321 0.028415
0 0.709422 0.309836 0.019590 0.022951
0 0.731810 0.339891 0.017724 0.021858
0 0.750933 0.349727 0.020522 0.024044
0 0.771455 0.373770 0.014925 0.019672
0 0.770989 0.387432 0.019590 0.025137
0 0.786847 0.403825 0.021455 0.020765
0 0.901586 0.430055 0.027052 0.027322
0 0.679104 0.524590 0.024254 0.032787
0 0.633862 0.556284 0.025187 0.030601
0 0.659515 0.611475 0.046642 0.049180
0 0.718750 0.563934 0.047575 0.059016
0 0.608675 0.650273 0.030784 0.032787
0 0.500000 0.720219 0.046642 0.063388
0 0.343284 0.796175 0.044776 0.068852
0 0.189366 0.850820 0.061567 0.055738