0 0.103448 0.010383 0.038314 0.022951
0 0.231801 0.106011 0.086207 0.061202
0 0.237548 0.186885 0.059387 0.052459
0 0.328065 0.165574 0.079502 0.073224
0 0.388410 0.457923 0.068008 0.067760
0 0.454023 0.491257 0.076628 0.066667
0 0.491858 0.570492 0.102490 0.100546
0 0.482280 0.455191 0.033525 0.036066
0 0.517720 0.496175 0.033525 0.034973
0 0.533525 0.516940 0.030651 0.032787
0 0.551245 0.538798 0.033525 0.032787
0 0.570402 0.570492 0.035441 0.039344
0 0.596743 0.607650 0.036398 0.043716
0 0.576628 0.496721 0.032567 0.033880
0 0.693487 0.669399 0.040230 0.038251
0 0.671456 0.699454 0.040230 0.039344
0 0.699234 0.739891 0.042146 0.048087
0 0.711686 0.819126 0.051724 0.049180
0 0.613506 0.855738 0.052682 0.061202
0 0.797414 0.898907 0.041188 0.038251
0 0.967912 0.984699 0.048851 0.030601
0 0.646073 0.750820 0.077586 0.093989