0 0.655172 0.204372 0.045977 0.043716
0 0.699713 0.216393 0.052682 0.048087
0 0.750479 0.213115 0.046935 0.048087
0 0.804598 0.204918 0.042146 0.051366
0 0.838602 0.181421 0.048851 0.043716
0 0.901341 0.165574 0.047893 0.044809
0 0.796935 0.379781 0.057471 0.060109
0 0.850096 0.362295 0.052682 0.068852
0 0.899425 0.346995 0.051724 0.062295
0 0.942050 0.327322 0.054598 0.062295
0 0.768678 0.558470 0.048851 0.052459
0 0.330460 0.301639 0.049808 0.065574
0 0.374521 0.280874 0.044061 0.045902
0 0.428161 0.266667 0.044061 0.045902
0 0.478927 0.247541 0.042146 0.040437
0 0.408525 0.394536 0.043103 0.059016
0 0.464559 0.383060 0.045977 0.049180
0 0.518678 0.362295 0.045019 0.051366
0 0.371169 0.496721 0.048851 0.064481
0 0.430556 0.480328 0.056513 0.071038
0 0.489464 0.460109 0.057471 0.069945
0 0.545498 0.444262 0.054598 0.066667
0 0.600575 0.425137 0.053640 0.065574
0 0.419540 0.570492 0.068966 0.061202
0 0.502874 0.541530 0.067050 0.057923
0 0.586207 0.514208 0.067050 0.060109