0 0.367337 0.466667 0.062261 0.063388
0 0.703065 0.336066 0.042146 0.036066
0 0.761973 0.414208 0.039272 0.037158
0 0.440134 0.508197 0.062261 0.063388
0 0.430077 0.575410 0.049808 0.042623
0 0.586207 0.464481 0.051724 0.048087
0 0.574713 0.591257 0.053640 0.050273
0 0.581418 0.651913 0.051724 0.049180
0 0.738027 0.496175 0.054598 0.063388
0 0.734195 0.579781 0.071839 0.064481
0 0.740900 0.666667 0.077586 0.078689
0 0.885536 0.507650 0.058429 0.071038
0 0.907088 0.590164 0.067050 0.067760
0 0.893199 0.670492 0.069923 0.068852
0 0.810345 0.503825 0.063218 0.061202