0 0.101054 0.012022 0.035441 0.021858
0 0.233238 0.105464 0.090996 0.064481
0 0.235632 0.187978 0.063218 0.072131
0 0.330460 0.164481 0.086207 0.079781
0 0.387452 0.453005 0.077586 0.066667
0 0.452586 0.495082 0.071839 0.065574
0 0.494253 0.572678 0.109195 0.100546
0 0.483238 0.453005 0.035441 0.044809
0 0.517241 0.495628 0.034483 0.040437
0 0.533046 0.514754 0.031609 0.032787
0 0.549808 0.539891 0.034483 0.041530
0 0.571360 0.566667 0.037356 0.036066
0 0.598180 0.607104 0.041188 0.044809
0 0.577107 0.495628 0.037356 0.033880
0 0.614943 0.852459 0.057471 0.072131
0 0.644636 0.753005 0.074713 0.100546
0 0.714080 0.819672 0.054598 0.052459
0 0.699713 0.738798 0.048851 0.045902
0 0.670019 0.696721 0.045019 0.036066
0 0.693008 0.667760 0.041188 0.043716
0 0.798851 0.896721 0.045977 0.042623
0 0.966475 0.982514 0.045977 0.037158