0 0.857280 0.030601 0.051724 0.039344
0 0.843870 0.064481 0.059387 0.041530
0 0.605364 0.059563 0.070881 0.060109
0 0.568008 0.134426 0.090038 0.065574
0 0.525862 0.214754 0.097701 0.081967
0 0.519157 0.261749 0.044061 0.042623
0 0.477490 0.302732 0.104406 0.085246
0 0.352490 0.523497 0.107280 0.102732
0 0.338123 0.584153 0.049808 0.053552
0 0.286877 0.639891 0.112069 0.119126
0 0.275862 0.710383 0.063218 0.063388
0 0.216954 0.770492 0.117816 0.131148
0 0.140326 0.812568 0.054598 0.075410
0 0.183908 0.846448 0.051724 0.064481
0 0.176724 0.898361 0.060345 0.072131
0 0.119732 0.901093 0.101533 0.108197
0 0.074713 0.938798 0.068966 0.078689
0 0.128352 0.967760 0.076628 0.066667
0 0.600096 0.647541 0.106322 0.114754