0 0.119732 0.622951 0.055556 0.059016
0 0.175766 0.551366 0.056513 0.053552
0 0.245690 0.528415 0.043103 0.033880
0 0.222222 0.759563 0.045977 0.043716
0 0.312261 0.726776 0.065134 0.056831
0 0.417146 0.844809 0.068008 0.080874
0 0.456897 0.726776 0.057471 0.080874
0 0.424330 0.556284 0.059387 0.061202
0 0.967433 0.464481 0.026820 0.024044
0 0.985153 0.454645 0.025862 0.024044
0 0.987548 0.383060 0.021073 0.016393
0 0.907567 0.402186 0.020115 0.021858
0 0.891284 0.363388 0.027778 0.022951
0 0.921935 0.355191 0.025862 0.019672
0 0.791667 0.268852 0.020115 0.019672
0 0.933429 0.116393 0.048851 0.029508
0 0.665709 0.080874 0.036398 0.030601
0 0.704502 0.046448 0.033525 0.025137
0 0.735153 0.032240 0.025862 0.022951
0 0.748084 0.021858 0.022989 0.021858
0 0.763410 0.011475 0.021073 0.016393
0 0.698755 0.014754 0.023946 0.022951
0 0.672414 0.014208 0.028736 0.019672