0 0.173372 0.109836 0.063218 0.053552
0 0.079502 0.200546 0.040230 0.033880
0 0.042625 0.293989 0.046935 0.037158
0 0.080460 0.342077 0.045977 0.048087
0 0.132184 0.317486 0.057471 0.064481
0 0.158525 0.437705 0.050766 0.053552
0 0.233716 0.606557 0.049808 0.054645
0 0.295977 0.555191 0.061303 0.083060
0 0.380747 0.427322 0.064176 0.056831
0 0.376916 0.327322 0.085249 0.077596
0 0.385536 0.236066 0.090996 0.076503
0 0.574713 0.238798 0.084291 0.077596
0 0.805556 0.362295 0.080460 0.066667
0 0.952107 0.372678 0.055556 0.063388