0 0.222015 0.775956 0.067164 0.100546
0 0.343284 0.425683 0.067164 0.055738
0 0.407183 0.473770 0.023321 0.022951
0 0.385728 0.134973 0.030784 0.027322
0 0.471549 0.262842 0.049440 0.040437
0 0.518190 0.267760 0.055037 0.056831
0 0.597015 0.239891 0.026119 0.025137
0 0.613340 0.291803 0.049440 0.037158
0 0.638993 0.319672 0.041045 0.038251
0 0.511194 0.381421 0.035448 0.034973
0 0.521455 0.419126 0.037313 0.038251
0 0.526119 0.469399 0.063433 0.062295
0 0.562034 0.495628 0.058769 0.049180
0 0.577892 0.537158 0.064366 0.049180
0 0.618470 0.445355 0.041045 0.046995
0 0.753731 0.578142 0.074627 0.080874
0 0.743937 0.454098 0.019590 0.018579
0 0.805037 0.414208 0.016791 0.021858
0 0.819496 0.430601 0.021455 0.024044