0 0.701493 0.025683 0.037313 0.025137
0 0.695896 0.062842 0.046642 0.027322
0 0.625933 0.178689 0.026119 0.022951
0 0.632929 0.202186 0.027052 0.019672
0 0.577425 0.200000 0.027985 0.021858
0 0.582556 0.248634 0.032649 0.025137
0 0.589552 0.278689 0.018657 0.019672
0 0.615672 0.263934 0.026119 0.025137
0 0.632463 0.246448 0.027985 0.025137
0 0.668843 0.238251 0.026119 0.021858
0 0.734142 0.423497 0.052239 0.042623
0 0.594216 0.497268 0.069030 0.050273
0 0.604011 0.621311 0.075560 0.060109
0 0.816698 0.628415 0.051306 0.056831
0 0.284981 0.857377 0.056903 0.092896