0 0.111111 0.070492 0.059387 0.046995
0 0.093391 0.138251 0.083333 0.066667
0 0.071360 0.209290 0.085249 0.068852
0 0.049330 0.283060 0.081418 0.074317
0 0.021552 0.444809 0.043103 0.067760
0 0.267720 0.055191 0.069923 0.062295
0 0.242337 0.148634 0.080460 0.072131
0 0.225575 0.253552 0.083333 0.072131
0 0.199713 0.349180 0.068008 0.062295
0 0.161877 0.569399 0.095785 0.102732
0 0.267241 0.679781 0.093870 0.100546
0 0.337644 0.263934 0.077586 0.084153
0 0.460728 0.141530 0.074713 0.066667
0 0.450192 0.248087 0.088123 0.074317
0 0.441092 0.369399 0.094828 0.085246
0 0.420977 0.469399 0.104406 0.095082
0 0.414272 0.572678 0.090996 0.098361
0 0.403736 0.685792 0.096743 0.103825
0 0.397031 0.808743 0.085249 0.091803
0 0.634579 0.059563 0.079502 0.066667
0 0.634579 0.140437 0.081418 0.068852
0 0.634579 0.247541 0.087165 0.079781
0 0.629310 0.350820 0.074713 0.067760
0 0.631705 0.474863 0.094828 0.097268
0 0.638889 0.591257 0.090038 0.102732
0 0.635057 0.707104 0.097701 0.104918
0 0.633142 0.832240 0.088123 0.097268
0 0.858238 0.192350 0.090038 0.074317
0 0.869253 0.271038 0.089080 0.076503
0 0.926245 0.680328 0.103448 0.108197