0 0.675766 0.065574 0.029693 0.034973
0 0.685345 0.112022 0.029693 0.038251
0 0.563697 0.284699 0.041188 0.046995
0 0.569444 0.327322 0.045019 0.042623
0 0.574713 0.369945 0.045977 0.046995
0 0.587165 0.485792 0.051724 0.062295
0 0.643199 0.481421 0.050766 0.057923
0 0.693966 0.477596 0.046935 0.059016
0 0.888889 0.461749 0.049808 0.049180
0 0.330939 0.634973 0.054598 0.074317
0 0.258621 0.672131 0.059387 0.076503
0 0.196839 0.716940 0.071839 0.093989
0 0.112069 0.760109 0.047893 0.055738
0 0.610632 0.833880 0.050766 0.072131