0 0.729885 0.078689 0.057471 0.045902
0 0.786877 0.142623 0.048851 0.049180
0 0.643678 0.112022 0.040230 0.044809
0 0.596743 0.101639 0.042146 0.052459
0 0.547893 0.090710 0.047893 0.048087
0 0.533525 0.243169 0.088123 0.077596
0 0.625479 0.333333 0.059387 0.063388
0 0.684387 0.355191 0.050766 0.059016
0 0.714080 0.579781 0.071839 0.101639
0 0.626916 0.550273 0.062261 0.075410
0 0.539272 0.531148 0.065134 0.065574
0 0.385536 0.623497 0.085249 0.073224
0 0.382184 0.736612 0.109195 0.128962
0 0.565613 0.828415 0.077586 0.080874
0 0.643199 0.855738 0.071839 0.085246
0 0.113985 0.542077 0.067050 0.072131