0 0.604406 0.034426 0.034483 0.036066
0 0.737548 0.009836 0.019157 0.013115
0 0.753831 0.019672 0.038314 0.028415
0 0.723659 0.058470 0.029693 0.027322
0 0.703544 0.090164 0.035441 0.031694
0 0.663314 0.106011 0.035441 0.030601
0 0.622126 0.133880 0.054598 0.038251
0 0.621648 0.311475 0.065134 0.048087
0 0.513889 0.498361 0.081418 0.063388
0 0.404693 0.620765 0.060345 0.069945
0 0.341954 0.696721 0.086207 0.073224
0 0.245211 0.725683 0.067050 0.063388
0 0.308429 0.782514 0.053640 0.056831
0 0.208812 0.785246 0.061303 0.064481