0 0.308429 0.190164 0.080460 0.059016
0 0.332854 0.249727 0.071839 0.060109
0 0.366858 0.310383 0.072797 0.063388
0 0.521552 0.566120 0.100575 0.087432
0 0.570881 0.661202 0.099617 0.096175
0 0.613985 0.769945 0.076628 0.068852
0 0.688697 0.866667 0.111111 0.118033
0 0.764368 0.966667 0.080460 0.062295
0 0.431513 0.067213 0.069923 0.049180
0 0.460728 0.116940 0.074713 0.056831
0 0.500000 0.158470 0.068966 0.052459
0 0.534962 0.219126 0.081418 0.068852
0 0.578544 0.275956 0.074713 0.060109
0 0.646073 0.360656 0.083333 0.072131
0 0.718870 0.438798 0.056513 0.049180
0 0.741858 0.525683 0.052682 0.052459
0 0.777299 0.577596 0.054598 0.051366
0 0.853927 0.650273 0.090996 0.091803