0 0.013889 0.832787 0.027778 0.032787
0 0.055077 0.854098 0.035441 0.053552
0 0.102011 0.868306 0.037356 0.044809
0 0.055556 0.736066 0.034483 0.036066
0 0.320881 0.783607 0.053640 0.054645
0 0.397510 0.727322 0.053640 0.060109
0 0.459770 0.490164 0.055556 0.046995
0 0.102969 0.303279 0.023946 0.029508
0 0.182471 0.310929 0.058429 0.051366
0 0.207375 0.358470 0.056513 0.048087
0 0.514368 0.298907 0.024904 0.027322
0 0.481801 0.262295 0.021073 0.024044
0 0.484674 0.239344 0.022989 0.017486
0 0.500479 0.236612 0.018199 0.014208
0 0.485153 0.222404 0.022031 0.027322
0 0.501437 0.222404 0.023946 0.018579
0 0.427203 0.183060 0.024904 0.018579
0 0.453544 0.180874 0.025862 0.027322
0 0.479406 0.175410 0.025862 0.022951
0 0.826628 0.222951 0.028736 0.030601
0 0.809866 0.189617 0.033525 0.029508
0 0.795977 0.159016 0.026820 0.025137
0 0.783525 0.133333 0.022989 0.024044