0 0.284981 0.858470 0.058769 0.092896
0 0.593750 0.497268 0.068097 0.052459
0 0.602612 0.623497 0.072761 0.066667
0 0.734608 0.421311 0.049440 0.040437
0 0.816698 0.630601 0.049440 0.056831
0 0.696362 0.063388 0.045709 0.028415
0 0.700560 0.024590 0.037313 0.027322
0 0.577425 0.200000 0.027985 0.024044
0 0.582556 0.249180 0.032649 0.028415
0 0.589552 0.278142 0.020522 0.020765
0 0.617071 0.265027 0.027052 0.022951
0 0.632463 0.246448 0.022388 0.022951
0 0.667444 0.237705 0.025187 0.020765
0 0.625466 0.178689 0.021455 0.020765
0 0.632463 0.201639 0.022388 0.022951