0 0.839552 0.166120 0.067164 0.061202
0 0.766325 0.478689 0.069963 0.078689
0 0.687500 0.548087 0.074627 0.084153
0 0.613340 0.647541 0.055037 0.075410
0 0.529384 0.718579 0.055037 0.073224
0 0.476679 0.761202 0.055970 0.086339
0 0.356810 0.859563 0.066231 0.079781
0 0.032183 0.653552 0.017724 0.032787
0 0.053172 0.671038 0.046642 0.069945
0 0.076026 0.632240 0.041978 0.049180
0 0.058769 0.592350 0.018657 0.028415
0 0.013993 0.722951 0.026119 0.068852
0 0.090951 0.696175 0.071828 0.085246
0 0.175840 0.500546 0.036381 0.034973
0 0.180970 0.525137 0.039179 0.044809
0 0.194963 0.554645 0.022388 0.031694
0 0.245336 0.518579 0.039179 0.040437
0 0.306903 0.500000 0.055970 0.062295
0 0.229944 0.438251 0.025187 0.030601
0 0.336754 0.272678 0.016791 0.025137
0 0.350280 0.277596 0.025187 0.028415
0 0.349813 0.286339 0.024254 0.026230
0 0.367071 0.290710 0.025187 0.028415
0 0.378265 0.312022 0.025187 0.027322
0 0.390858 0.330055 0.033582 0.028415
0 0.414646 0.359563 0.036381 0.034973
0 0.432836 0.395628 0.039179 0.041530
0 0.425373 0.437705 0.037313 0.036066
0 0.511194 0.297268 0.059701 0.069945
0 0.295243 0.101639 0.032649 0.032787
0 0.312966 0.120219 0.030784 0.028415
0 0.322761 0.141530 0.022388 0.027322
0 0.344216 0.161202 0.037313 0.031694
0 0.352612 0.180874 0.029851 0.031694
0 0.373134 0.200546 0.027985 0.031694
0 0.388526 0.223497 0.025187 0.031694
0 0.221549 0.059563 0.030784 0.033880
0 0.194496 0.070492 0.032649 0.036066
0 0.219683 0.083060 0.032649 0.026230
0 0.198694 0.102186 0.037313 0.033880
0 0.162780 0.085246 0.030784 0.032787
0 0.169776 0.098907 0.033582 0.033880
0 0.178638 0.114208 0.030784 0.036066
0 0.163246 0.159563 0.027985 0.030601
0 0.403451 0.241530 0.013993 0.019672
0 0.411847 0.249727 0.017724 0.022951