0 0.193008 0.215847 0.064176 0.075410
0 0.088123 0.172131 0.022989 0.020765
0 0.281609 0.218033 0.026820 0.031694
0 0.316092 0.228415 0.026820 0.028415
0 0.351533 0.230601 0.019157 0.019672
0 0.389847 0.237705 0.021073 0.020765
0 0.419061 0.239344 0.020115 0.017486
0 0.448755 0.246995 0.020115 0.021858
0 0.477969 0.249727 0.026820 0.022951
0 0.508142 0.253005 0.020115 0.020765
0 0.390805 0.459016 0.032567 0.032787
0 0.440613 0.487432 0.055556 0.050273
0 0.455460 0.552459 0.031609 0.031694
0 0.431992 0.635519 0.022989 0.027322
0 0.428640 0.742077 0.037356 0.045902
0 0.464080 0.858470 0.035441 0.044809
0 0.367816 0.871585 0.017241 0.027322
0 0.383621 0.872678 0.020115 0.027322
0 0.404215 0.879235 0.017241 0.027322
0 0.423372 0.879781 0.019157 0.026230