0 0.315613 0.293989 0.041188 0.037158
0 0.355843 0.267760 0.041188 0.034973
0 0.579023 0.248087 0.043103 0.037158
0 0.531130 0.288525 0.043103 0.039344
0 0.471743 0.330601 0.045019 0.049180
0 0.413793 0.369945 0.049808 0.046995
0 0.356322 0.420219 0.051724 0.051366
0 0.295498 0.474317 0.056513 0.052459
0 0.220785 0.533880 0.060345 0.053552
0 0.751437 0.218033 0.037356 0.038251
0 0.693008 0.297814 0.037356 0.038251
0 0.645115 0.344262 0.039272 0.041530
0 0.593870 0.398361 0.042146 0.040437
0 0.488027 0.492896 0.052682 0.054645
0 0.419540 0.566120 0.059387 0.056831
0 0.349617 0.623497 0.059387 0.062295
0 0.781609 0.337158 0.026820 0.027322
0 0.752395 0.416393 0.027778 0.032787
0 0.498084 0.773770 0.047893 0.056831
0 0.467433 0.826776 0.061303 0.075410