0 0.191756 0.073596 0.048387 0.086495
0 0.231183 0.138847 0.050179 0.086495
0 0.272849 0.203338 0.051075 0.088012
0 0.316756 0.267071 0.052867 0.088012
0 0.359767 0.337633 0.049283 0.086495
0 0.403226 0.404401 0.057348 0.092564
0 0.439068 0.465857 0.055556 0.091047
0 0.484767 0.533384 0.053763 0.089530
0 0.532706 0.608498 0.054659 0.094082
0 0.627688 0.757208 0.052867 0.097117
0 0.671595 0.827769 0.056452 0.101669
0 0.343190 0.025797 0.035842 0.051593
0 0.471326 0.268589 0.014337 0.027314
0 0.488799 0.236722 0.013441 0.021244
0 0.506272 0.206373 0.010753 0.027314
0 0.515681 0.191958 0.011649 0.022762
0 0.523746 0.176783 0.013441 0.019727
0 0.554211 0.179059 0.015233 0.021244
0 0.546147 0.196510 0.013441 0.022762
0 0.537634 0.225341 0.014337 0.031866
0 0.521057 0.242033 0.013441 0.022762
0 0.504032 0.272382 0.015233 0.031866
0 0.494624 0.288316 0.012545 0.021244
0 0.559588 0.245068 0.015233 0.025797
0 0.561380 0.265554 0.017025 0.018209
0 0.554211 0.281487 0.013441 0.022762
0 0.544355 0.279970 0.009857 0.019727
0 0.546595 0.298179 0.010753 0.022762
0 0.534498 0.294385 0.015233 0.027314
0 0.528226 0.311077 0.013441 0.021244
0 0.518369 0.325493 0.011649 0.022762
0 0.568548 0.311077 0.015233 0.027314
0 0.500448 0.408194 0.015233 0.024279
0 0.518369 0.418816 0.017025 0.027314
0 0.536738 0.389226 0.019713 0.025797
0 0.547491 0.409712 0.012545 0.021244
0 0.556900 0.421851 0.013441 0.024279
0 0.568100 0.437026 0.016129 0.021244
0 0.577061 0.452200 0.014337 0.024279
0 0.586470 0.469651 0.015233 0.031866
0 0.586022 0.525038 0.014337 0.027314
0 0.619624 0.580425 0.013441 0.022762
0 0.641577 0.616085 0.014337 0.024279
0 0.662634 0.650986 0.011649 0.018209
0 0.673835 0.654780 0.016129 0.025797
0 0.675627 0.667678 0.014337 0.021244
0 0.696685 0.704856 0.015233 0.031866
0 0.701165 0.635812 0.018817 0.036419
0 0.679659 0.603187 0.017025 0.028832
0 0.668011 0.581942 0.013441 0.022762
0 0.656810 0.583460 0.016129 0.025797
0 0.670699 0.599393 0.008065 0.015175
0 0.832885 0.833839 0.018817 0.034901
0 0.828853 0.716995 0.017921 0.034901
0 0.821685 0.624431 0.012545 0.031866
0 0.820789 0.604704 0.010753 0.022762
0 0.821685 0.582701 0.016129 0.030349
0 0.815412 0.446131 0.012545 0.036419
0 0.806452 0.282246 0.014337 0.027314
0 0.806004 0.241275 0.013441 0.030349
0 0.715502 0.329287 0.022401 0.018209
0 0.596774 0.339150 0.017921 0.034901
0 0.765233 0.161608 0.012545 0.031866
0 0.766129 0.185129 0.017921 0.018209
0 0.766577 0.208649 0.013441 0.031866
0 0.776434 0.216995 0.013441 0.027314
0 0.775090 0.246586 0.016129 0.025797
0 0.772849 0.271624 0.017025 0.036419
0 0.960573 0.473445 0.017921 0.024279
0 0.972670 0.541730 0.015233 0.024279
0 0.991487 0.528073 0.017025 0.027314
0 0.954749 0.587253 0.017025 0.027314
0 0.989247 0.597876 0.014337 0.027314
0 0.978495 0.654780 0.016129 0.025797
0 0.960573 0.704097 0.012545 0.030349
0 0.977151 0.703338 0.015233 0.025797
0 0.986559 0.832322 0.016129 0.028832