0 0.397989 0.072131 0.100575 0.065574
0 0.362548 0.020219 0.098659 0.027322
0 0.919061 0.073770 0.043103 0.029508
0 0.929119 0.116940 0.045977 0.041530
0 0.978927 0.330055 0.036398 0.087432
0 0.831418 0.141530 0.074713 0.066667
0 0.588123 0.240437 0.088123 0.085246
0 0.332375 0.349727 0.101533 0.107104
0 0.111590 0.421858 0.100575 0.093989
0 0.247605 0.679235 0.096743 0.138798
0 0.484674 0.577049 0.099617 0.124590
0 0.603927 0.528415 0.096743 0.110383
0 0.718391 0.474863 0.097701 0.108197
0 0.918582 0.387432 0.093870 0.106011