0 0.113027 0.655191 0.068966 0.062295
0 0.039272 0.401093 0.038314 0.039344
0 0.034483 0.356284 0.045977 0.037158
0 0.476054 0.748087 0.055556 0.071038
0 0.512931 0.729508 0.037356 0.062295
0 0.582375 0.753552 0.059387 0.055738
0 0.650383 0.704918 0.034483 0.045902
0 0.722222 0.698361 0.028736 0.032787
0 0.794540 0.699454 0.025862 0.032787
0 0.480364 0.637705 0.039272 0.042623
0 0.522510 0.631148 0.048851 0.055738
0 0.585728 0.640984 0.071839 0.081967
0 0.643199 0.620219 0.031609 0.038251
0 0.677203 0.617486 0.026820 0.032787
0 0.711686 0.616940 0.024904 0.027322
0 0.746169 0.618579 0.024904 0.024044
0 0.668582 0.406011 0.042146 0.036066
0 0.717433 0.396175 0.053640 0.062295
0 0.775383 0.397268 0.048851 0.057923
0 0.869732 0.152459 0.028736 0.031694
0 0.873084 0.126230 0.027778 0.027322
0 0.875479 0.100000 0.026820 0.025137
0 0.878352 0.074317 0.032567 0.026230
0 0.962165 0.216393 0.037356 0.030601
0 0.962165 0.177049 0.035441 0.028415
0 0.959291 0.149727 0.035441 0.032787
0 0.956897 0.119126 0.040230 0.034973
0 0.963123 0.085792 0.037356 0.033880
0 0.969349 0.067760 0.051724 0.043716
0 0.957854 0.038251 0.026820 0.026230
0 0.968391 0.009836 0.028736 0.017486