0 0.712644 0.033880 0.086207 0.059016
0 0.602490 0.023497 0.047893 0.040437
0 0.787835 0.021311 0.046935 0.029508
0 0.126916 0.033333 0.073755 0.053552
0 0.208812 0.056284 0.078544 0.073224
0 0.375958 0.113661 0.089080 0.096175
0 0.266762 0.202186 0.094828 0.083060
0 0.243295 0.299454 0.061303 0.059016
0 0.206418 0.380328 0.071839 0.059016
0 0.166188 0.455191 0.077586 0.055738
0 0.068487 0.623497 0.060345 0.060109
0 0.061782 0.702732 0.054598 0.059016
0 0.475096 0.376503 0.091954 0.095082
0 0.422893 0.487432 0.104406 0.100546
0 0.371648 0.625137 0.074713 0.074317
0 0.313697 0.744809 0.119732 0.132240
0 0.266284 0.904918 0.084291 0.085246
0 0.901341 0.149727 0.078544 0.089617
0 0.750479 0.312022 0.104406 0.079781
0 0.643199 0.657377 0.112069 0.114754
0 0.609195 0.795628 0.126437 0.133333