0 0.606810 0.056831 0.086754 0.059016
0 0.590485 0.113661 0.083955 0.056831
0 0.747668 0.301639 0.079291 0.091803
0 0.565765 0.309290 0.079291 0.078689
0 0.490672 0.313661 0.048507 0.050273
0 0.409981 0.331148 0.090485 0.085246
0 0.521455 0.413115 0.089552 0.085246
0 0.268657 0.441530 0.048507 0.050273
0 0.248601 0.543716 0.041978 0.055738
0 0.322761 0.553005 0.078358 0.102732
0 0.418377 0.537158 0.101679 0.108197
0 0.284049 0.752459 0.073694 0.081967
0 0.411381 0.738251 0.087687 0.110383
0 0.505597 0.725137 0.052239 0.064481
0 0.598881 0.718579 0.050373 0.073224