0 0.042563 0.748103 0.061828 0.094082
0 0.046595 0.647951 0.062724 0.106222
0 0.055108 0.544765 0.068996 0.100152
0 0.076613 0.121396 0.049283 0.084977
0 0.108423 0.286039 0.044803 0.101669
0 0.158154 0.286798 0.052867 0.078907
0 0.192652 0.647193 0.069892 0.077390
0 0.254032 0.584977 0.049283 0.089530
0 0.365143 0.652504 0.054659 0.091047
0 0.399642 0.270865 0.046595 0.101669
0 0.500448 0.383156 0.052867 0.077390
0 0.495968 0.466616 0.067204 0.080425
0 0.558692 0.623672 0.045699 0.081942
0 0.609767 0.670713 0.054659 0.081942
0 0.664875 0.644917 0.053763 0.084977
0 0.669803 0.548558 0.070789 0.101669
0 0.658602 0.388467 0.051971 0.084977
0 0.789875 0.294385 0.051075 0.078907
0 0.801523 0.390744 0.038530 0.056146
0 0.805108 0.572838 0.049283 0.065250
0 0.866039 0.747344 0.031362 0.056146
0 0.961022 0.720789 0.054659 0.072838
0 0.969086 0.591806 0.058244 0.063733
0 0.967294 0.531108 0.060036 0.072838
0 0.964158 0.462064 0.053763 0.062215
0 0.980287 0.281487 0.037634 0.107739