0 0.242337 0.042077 0.015326 0.018579
0 0.239943 0.055738 0.018199 0.019672
0 0.123084 0.103279 0.020115 0.018579
0 0.138889 0.100000 0.017241 0.012022
0 0.160920 0.101639 0.015326 0.010929
0 0.272510 0.192896 0.025862 0.020765
0 0.259579 0.214754 0.017241 0.014208
0 0.258621 0.226776 0.017241 0.014208
0 0.260057 0.242077 0.020115 0.014208
0 0.285920 0.204372 0.025862 0.017486
0 0.298372 0.173770 0.020115 0.013115
0 0.303640 0.186885 0.022989 0.015301
0 0.309387 0.201639 0.021073 0.020765
0 0.330939 0.183607 0.022031 0.017486
0 0.330939 0.198361 0.022031 0.018579
0 0.322318 0.176503 0.043103 0.029508
0 0.124042 0.374863 0.048851 0.041530
0 0.154215 0.353552 0.045977 0.036066
0 0.171935 0.367213 0.045019 0.037158
0 0.343391 0.316940 0.029693 0.030601
0 0.351054 0.385246 0.029693 0.022951
0 0.363985 0.439344 0.028736 0.028415
0 0.363506 0.485246 0.035441 0.030601
0 0.332854 0.497814 0.031609 0.022951
0 0.167625 0.545902 0.028736 0.029508
0 0.377874 0.578142 0.033525 0.028415
0 0.420498 0.064481 0.026820 0.032787
0 0.396552 0.107650 0.026820 0.029508
0 0.424808 0.097814 0.022031 0.022951
0 0.605843 0.206557 0.033525 0.039344
0 0.621169 0.179781 0.029693 0.033880
0 0.647031 0.180328 0.027778 0.039344
0 0.692529 0.206011 0.036398 0.044809
0 0.632663 0.330055 0.041188 0.034973
0 0.612548 0.325683 0.012452 0.015301
0 0.772031 0.249180 0.038314 0.045902
0 0.751437 0.280328 0.060345 0.049180
0 0.770594 0.320219 0.048851 0.043716
0 0.804119 0.295628 0.045019 0.042623
0 0.820881 0.149180 0.015326 0.012022
0 0.721743 0.470492 0.033525 0.027322
0 0.675766 0.485792 0.029693 0.029508
0 0.501437 0.592350 0.037356 0.030601
0 0.511973 0.622404 0.041188 0.033880
0 0.578544 0.583607 0.038314 0.043716
0 0.407088 0.781967 0.057471 0.088525
0 0.408525 0.830601 0.056513 0.085246
0 0.424330 0.864481 0.032567 0.041530
0 0.434387 0.916940 0.027778 0.043716
0 0.888410 0.511475 0.045019 0.048087
0 0.922893 0.476503 0.048851 0.048087
0 0.810345 0.580328 0.019157 0.026230
0 0.849617 0.592896 0.028736 0.029508
0 0.824713 0.606011 0.026820 0.029508
0 0.847222 0.624044 0.027778 0.030601
0 0.729885 0.727322 0.021073 0.029508
0 0.624042 0.781967 0.023946 0.029508
0 0.631226 0.802732 0.022989 0.029508
0 0.645594 0.812568 0.019157 0.027322
0 0.639368 0.769945 0.022031 0.025137
0 0.659962 0.790710 0.061303 0.084153