0 0.432471 0.289071 0.043103 0.046995
0 0.243774 0.433333 0.054598 0.064481
0 0.259100 0.473224 0.056513 0.065574
0 0.302682 0.486339 0.074713 0.085246
0 0.247605 0.765027 0.046935 0.059016
0 0.277778 0.860109 0.044061 0.052459
0 0.323755 0.830055 0.055556 0.079781
0 0.340996 0.905464 0.026820 0.040437
0 0.395594 0.813661 0.024904 0.038251
0 0.519157 0.503825 0.024904 0.028415
0 0.573755 0.407650 0.032567 0.032787
0 0.682950 0.385792 0.024904 0.024044
0 0.628831 0.320219 0.037356 0.028415
0 0.746169 0.121311 0.044061 0.039344
0 0.587644 0.040984 0.025862 0.022951