0 0.598180 0.011475 0.025862 0.020765
0 0.577107 0.016393 0.056513 0.032787
0 0.563218 0.040437 0.036398 0.021858
0 0.549808 0.062295 0.036398 0.026230
0 0.504789 0.050273 0.026820 0.019672
0 0.514368 0.125683 0.063218 0.041530
0 0.485632 0.181421 0.061303 0.043716
0 0.465996 0.224044 0.066092 0.043716
0 0.441092 0.271585 0.064176 0.046995
0 0.412356 0.320219 0.066092 0.052459
0 0.375479 0.420765 0.038314 0.037158
0 0.336686 0.455738 0.069923 0.059016
0 0.406130 0.810929 0.107280 0.124590
0 0.457375 0.687978 0.096743 0.112568
0 0.510057 0.561749 0.090996 0.093989
0 0.558429 0.373770 0.053640 0.039344
0 0.576628 0.330601 0.055556 0.040437
0 0.596264 0.287432 0.060345 0.052459
0 0.622126 0.241530 0.058429 0.048087
0 0.645594 0.201639 0.067050 0.049180
0 0.701628 0.057923 0.062261 0.039344
0 0.727969 0.031148 0.024904 0.020765