0 0.567050 0.740984 0.051724 0.065574
0 0.566092 0.684699 0.045977 0.062295
0 0.526341 0.636612 0.041188 0.053552
0 0.463602 0.636066 0.051724 0.045902
0 0.763410 0.591257 0.072797 0.078689
0 0.702107 0.522404 0.063218 0.072131
0 0.754789 0.479235 0.038314 0.051366
0 0.830460 0.412568 0.045977 0.042623
0 0.863985 0.381967 0.047893 0.042623
0 0.897510 0.346995 0.045977 0.042623
0 0.784004 0.334973 0.043103 0.051366
0 0.777778 0.241530 0.049808 0.043716
0 0.572797 0.328962 0.057471 0.059016
0 0.540709 0.247541 0.045019 0.042623
0 0.440134 0.319126 0.039272 0.032787
0 0.407567 0.341530 0.037356 0.040437
0 0.381226 0.358470 0.026820 0.039344
0 0.353927 0.372678 0.039272 0.041530
0 0.318966 0.401639 0.045977 0.042623
0 0.288793 0.331694 0.037356 0.038251
0 0.344828 0.289071 0.034483 0.033880
0 0.376916 0.273224 0.039272 0.032787
0 0.433429 0.230601 0.037356 0.032787
0 0.458812 0.214754 0.026820 0.029508
0 0.106322 0.351366 0.040230 0.040437
0 0.123084 0.314754 0.043103 0.039344
0 0.170019 0.290164 0.039272 0.036066
0 0.209770 0.272131 0.040230 0.039344
0 0.227969 0.287432 0.017241 0.028415