0 0.092433 0.079781 0.056513 0.034973
0 0.073276 0.112568 0.052682 0.039344
0 0.065613 0.362295 0.050766 0.051366
0 0.110153 0.378689 0.055556 0.055738
0 0.168103 0.372131 0.056513 0.055738
0 0.231322 0.362842 0.046935 0.061202
0 0.278257 0.333333 0.046935 0.050273
0 0.356801 0.315847 0.052682 0.054645
0 0.487548 0.431694 0.053640 0.048087
0 0.423372 0.519126 0.053640 0.056831
0 0.337644 0.512568 0.058429 0.072131
0 0.277299 0.539891 0.062261 0.074317
0 0.213602 0.561202 0.061303 0.075410
0 0.147989 0.582514 0.064176 0.078689
0 0.513410 0.596175 0.055556 0.071038
0 0.039272 0.810383 0.057471 0.071038
0 0.617337 0.392896 0.045019 0.044809
0 0.767720 0.506557 0.054598 0.060109
0 0.947318 0.413115 0.065134 0.054645