0 0.079023 0.850820 0.050766 0.060109
0 0.200192 0.979235 0.045977 0.045902
0 0.250000 0.912568 0.045977 0.065574
0 0.312739 0.807104 0.058429 0.064481
0 0.382663 0.753005 0.045019 0.052459
0 0.407567 0.675956 0.068008 0.062295
0 0.441571 0.605464 0.042146 0.045902
0 0.462165 0.524590 0.041188 0.048087
0 0.481322 0.419672 0.029693 0.037158
0 0.497126 0.474863 0.030651 0.033880
0 0.513889 0.446995 0.029693 0.041530
0 0.553640 0.467760 0.053640 0.065574
0 0.591475 0.509836 0.039272 0.044809
0 0.629789 0.532240 0.048851 0.052459
0 0.698755 0.571038 0.052682 0.055738
0 0.784962 0.562295 0.052682 0.049180
0 0.954023 0.314754 0.047893 0.037158
0 0.900383 0.785246 0.068966 0.066667