0 0.833812 0.097268 0.102490 0.056831
0 0.241858 0.316940 0.046935 0.050273
0 0.283046 0.309836 0.043103 0.049180
0 0.317529 0.300546 0.037356 0.050273
0 0.233238 0.438251 0.056513 0.056831
0 0.236111 0.487432 0.052682 0.048087
0 0.176724 0.593989 0.048851 0.046995
0 0.182950 0.628415 0.055556 0.037158
0 0.224138 0.654098 0.045977 0.049180
0 0.280172 0.683607 0.054598 0.049180
0 0.261015 0.739344 0.048851 0.049180
0 0.245211 0.783060 0.045977 0.055738
0 0.250479 0.874863 0.052682 0.075410
0 0.360153 0.582514 0.057471 0.074317
0 0.370690 0.537158 0.051724 0.055738
0 0.403736 0.538251 0.048851 0.057923
0 0.439655 0.534973 0.051724 0.071038
0 0.457375 0.506011 0.050766 0.052459
0 0.351054 0.671038 0.064176 0.056831
0 0.374521 0.701639 0.063218 0.078689
0 0.377395 0.766120 0.057471 0.067760
0 0.452107 0.658470 0.057471 0.075410
0 0.499042 0.653005 0.047893 0.064481