0 0.556513 0.264481 0.059387 0.056831
0 0.616858 0.255738 0.055556 0.052459
0 0.463123 0.377596 0.068008 0.079781
0 0.585728 0.387432 0.066092 0.077596
0 0.647031 0.377596 0.058429 0.079781
0 0.715517 0.371585 0.063218 0.072131
0 0.776341 0.369399 0.069923 0.080874
0 0.938218 0.455191 0.060345 0.075410
0 0.648467 0.613115 0.076628 0.078689
0 0.290230 0.403279 0.057471 0.072131
0 0.347701 0.398907 0.051724 0.076503
0 0.318008 0.498907 0.044061 0.057923
0 0.320881 0.575956 0.044061 0.061202
0 0.394157 0.566120 0.041188 0.056831
0 0.070402 0.431694 0.077586 0.076503
0 0.124521 0.425137 0.051724 0.069945
0 0.181034 0.419126 0.057471 0.075410
0 0.051245 0.516940 0.071839 0.083060
0 0.144636 0.590710 0.063218 0.092896
0 0.142241 0.680874 0.066092 0.093989