0 0.068008 0.368852 0.038314 0.029508
0 0.054598 0.419672 0.034483 0.032787
0 0.246169 0.364481 0.038314 0.038251
0 0.217912 0.398361 0.043103 0.036066
0 0.199234 0.438251 0.040230 0.037158
0 0.189176 0.489617 0.043103 0.039344
0 0.104885 0.622404 0.048851 0.049180
0 0.306513 0.351366 0.038314 0.031694
0 0.343391 0.287432 0.037356 0.034973
0 0.342912 0.548087 0.040230 0.038251
0 0.371169 0.584153 0.045019 0.051366
0 0.561782 0.353005 0.043103 0.041530
0 0.553161 0.404918 0.083333 0.068852
0 0.573755 0.468306 0.042146 0.042623
0 0.573755 0.524044 0.053640 0.049180
0 0.659004 0.378689 0.045977 0.042623
0 0.715038 0.413115 0.048851 0.039344
0 0.718391 0.531694 0.063218 0.053552
0 0.818966 0.472131 0.045977 0.045902
0 0.767720 0.288525 0.039272 0.039344
0 0.839080 0.653005 0.045977 0.053552
0 0.935345 0.582514 0.054598 0.054645