0 0.511494 0.841530 0.057471 0.069945
0 0.479406 0.773224 0.048851 0.062295
0 0.452107 0.709836 0.057471 0.049180
0 0.425287 0.650820 0.057471 0.049180
0 0.390326 0.584699 0.077586 0.072131
0 0.353927 0.495628 0.081418 0.060109
0 0.311303 0.432787 0.063218 0.059016
0 0.687261 0.633333 0.073755 0.066667
0 0.645115 0.534973 0.071839 0.066667
0 0.226054 0.229508 0.061303 0.045902
0 0.204502 0.178689 0.069923 0.055738
0 0.177203 0.124044 0.049808 0.042623
0 0.164272 0.071038 0.062261 0.041530
0 0.150383 0.028415 0.045977 0.041530