0 0.127874 0.243169 0.041188 0.031694
0 0.161398 0.327869 0.037356 0.039344
0 0.289751 0.318579 0.052682 0.051366
0 0.334291 0.177049 0.047893 0.030601
0 0.338123 0.211475 0.042146 0.031694
0 0.582854 0.255191 0.050766 0.055738
0 0.445402 0.368306 0.070881 0.054645
0 0.545498 0.418579 0.054598 0.054645
0 0.404693 0.451366 0.048851 0.063388
0 0.282567 0.486339 0.047893 0.052459
0 0.220785 0.502186 0.046935 0.053552
0 0.154693 0.515847 0.048851 0.056831
0 0.182950 0.856831 0.059387 0.080874
0 0.409004 0.789071 0.061303 0.078689
0 0.701149 0.718033 0.059387 0.074317